Experiment Results
==================

Algorithm 1: Exact_Baseline
--------------------------
Candidates Set: {(0, 1): 1.15, (0, 2): 0.95, (0, 3): 0.9, (0, 4): 1.3499999999999999, (0, 5): 1.2, (0, 6): 1.3, (0, 7): 1.05, (0, 8): 1.2999999999999998, (0, 9): 1.3, (0, 10): 1.2, (0, 11): 1.0499999999999998, (0, 12): 1.1, (0, 13): 1.0, (0, 14): 1.3, (0, 15): 1.25, (1, 2): 1.0, (1, 3): 1.0499999999999998, (1, 4): 1.2, (1, 5): 0.55, (1, 6): 0.95, (1, 7): 0.9, (1, 8): 0.85, (1, 9): 0.85, (1, 10): 1.25, (1, 11): 1.1, (1, 12): 1.15, (1, 13): 1.0499999999999998, (1, 14): 1.0499999999999998, (1, 15): 0.8999999999999999, (2, 3): 1.0499999999999998, (2, 4): 1.2, (2, 5): 1.15, (2, 6): 1.15, (2, 7): 1.1, (2, 8): 1.25, (2, 9): 0.75, (2, 10): 1.25, (2, 11): 1.1, (2, 12): 1.0499999999999998, (2, 13): 1.0499999999999998, (2, 14): 0.6499999999999999, (2, 15): 1.0, (3, 4): 1.05, (3, 5): 1.1, (3, 6): 0.9, (3, 7): 1.05, (3, 8): 1.0, (3, 9): 0.9, (3, 10): 1.3, (3, 11): 1.0499999999999998, (3, 12): 1.3, (3, 13): 1.1, (3, 14): 0.7, (3, 15): 0.85, (4, 5): 1.25, (4, 6): 1.15, (4, 7): 1.1, (4, 8): 1.45, (4, 9): 1.05, (4, 10): 1.45, (4, 11): 1.2, (4, 12): 0.8499999999999999, (4, 13): 1.25, (4, 14): 1.25, (4, 15): 1.3, (5, 6): 1.1, (5, 7): 1.15, (5, 8): 1.3, (5, 9): 1.0, (5, 10): 1.0, (5, 11): 1.0499999999999998, (5, 12): 1.1, (5, 13): 0.9, (5, 14): 0.6000000000000001, (5, 15): 1.25, (6, 7): 0.95, (6, 8): 1.2, (6, 9): 0.9, (6, 10): 1.0, (6, 11): 1.0499999999999998, (6, 12): 1.0, (6, 13): 1.1, (6, 14): 1.1, (6, 15): 1.0499999999999998, (7, 8): 1.05, (7, 9): 0.95, (7, 10): 1.25, (7, 11): 1.1, (7, 12): 0.9500000000000001, (7, 13): 0.8500000000000001, (7, 14): 0.75, (7, 15): 1.1, (8, 9): 1.2, (8, 10): 1.1, (8, 11): 1.15, (8, 12): 1.4, (8, 13): 1.0, (8, 14): 1.2, (8, 15): 1.15, (9, 10): 1.2, (9, 11): 0.95, (9, 12): 1.2, (9, 13): 0.9, (9, 14): 1.0, (9, 15): 0.75, (10, 11): 1.15, (10, 12): 1.4, (10, 13): 1.0, (10, 14): 1.3, (10, 15): 0.85, (11, 12): 1.15, (11, 13): 0.85, (11, 14): 1.0499999999999998, (11, 15): 1.1, (12, 13): 1.0, (12, 14): 1.2, (12, 15): 1.15, (13, 14): 1.1, (13, 15): 1.0499999999999998, (14, 15): 0.85}
Execution Time: 0.0221 seconds
API Calls: 136
Entropy (dep) over time: (0, None)

Algorithm 2: Naive
-----------------
Candidates Set: {(4, 10): (1.45, 1.45)}
Execution Time: 0.0530 seconds
API Calls: 107
Entropy (dep) over time: []

Algorithm 3: Max_Prob
--------------------
Candidates Set: {(4, 8): (1.45, 1.45)}
Execution Time: 86.6322 seconds
API Calls: 65
Entropy (dep) over time: [2.002, 0.0, 0.0, 0.0, 0.0, 0.0, 0.0, 0.0, 0.0, 0.0, 0.0, 0.0, 0.0, 0.0, 0.0, 0.0, 0.0, 0.0, 0.0, 0.0, 0.0, 0.0, 0.0, 0.0, 0.0, 0.0, 0.0, 0.0, 0.0, 0.0, 0.0, 0.0, 0.0, 0.0, 0.0, 0.0, 0.0, 0.001, 0.006, 0.011, 0.022, 0.043, 0.082, 0.148, 0.257, 0.413, 0.597, 0.731, 0.544, 0]

