Experiment Results
==================

Algorithm 1: Exact_Baseline
--------------------------
Candidates Set: {(1, 25, 29, 32, 33): 1.3399999999999999, (1, 22, 25, 29, 32): 1.3000000000000003, (1, 23, 25, 29, 32): 1.31, (1, 22, 23, 25, 32): 1.31, (1, 22, 25, 26, 32): 1.28, (1, 26, 29, 32, 33): 1.3200000000000003, (0, 1, 25, 29, 32): 1.26, (1, 22, 25, 27, 32): 1.1800000000000002, (1, 22, 25, 32, 36): 1.3, (1, 25, 27, 32, 36): 1.07, (0, 1, 22, 25, 32): 1.29, (0, 25, 29, 32, 33): 1.26, (1, 25, 26, 29, 32): 1.32, (21, 26, 29, 33, 39): 1.34, (22, 23, 25, 29, 32): 1.23, (22, 25, 26, 29, 32): 1.25, (25, 26, 29, 32, 33): 1.33, (1, 23, 29, 32, 38): 1.31, (2, 4, 21, 26, 39): 1.17, (4, 19, 21, 26, 39): 1.29, (21, 26, 29, 32, 33): 1.31, (0, 1, 25, 32, 36): 1.27, (1, 4, 25, 27, 32): 1.2600000000000002, (1, 12, 25, 29, 32): 1.16, (0, 22, 25, 29, 32): 1.19, (1, 4, 25, 32, 36): 1.35, (1, 23, 25, 32, 36): 1.25, (1, 25, 29, 32, 36): 1.2799999999999998, (2, 10, 11, 19, 26): 1.4700000000000002, (0, 1, 25, 27, 32): 1.1400000000000001, (1, 4, 23, 32, 36): 1.3399999999999999, (1, 4, 25, 27, 36): 1.29, (1, 22, 25, 29, 33): 1.36, (1, 22, 25, 32, 33): 1.32, (1, 25, 27, 29, 32): 1.1099999999999999, (1, 25, 27, 32, 34): 1.2200000000000002, (1, 25, 29, 32, 34): 1.28, (10, 23, 29, 32, 38): 1.27, (10, 26, 29, 32, 33): 1.31, (21, 23, 29, 32, 38): 1.33, (1, 25, 32, 33, 36): 1.2199999999999998, (0, 1, 4, 25, 32): 1.34, (0, 1, 29, 32, 33): 1.29, (0, 23, 25, 29, 32): 1.21, (1, 23, 29, 32, 33): 1.35, (0, 1, 25, 32, 33): 1.28, (1, 12, 29, 32, 33): 1.23, (1, 25, 26, 32, 33): 1.28, (1, 29, 32, 33, 36): 1.25, (10, 11, 19, 26, 33): 1.3, (25, 29, 32, 33, 34): 1.24, (1, 11, 25, 27, 32): 1.1400000000000001, (1, 22, 23, 29, 32): 1.31, (1, 25, 29, 32, 38): 1.2599999999999998, (2, 4, 19, 21, 26): 1.3199999999999998, (0, 1, 4, 32, 36): 1.23, (0, 1, 11, 25, 32): 1.32, (1, 4, 25, 29, 32): 1.42, (1, 4, 27, 32, 36): 1.13, (1, 22, 23, 32, 36): 1.21, (1, 22, 25, 26, 33): 1.3, (1, 22, 29, 32, 33): 1.28, (1, 23, 29, 32, 36): 1.32, (1, 25, 26, 29, 33): 1.4100000000000001, (4, 19, 21, 26, 27): 1.2600000000000002, (21, 22, 26, 29, 33): 1.2400000000000002, (22, 23, 29, 32, 38): 1.19, (22, 26, 29, 32, 33): 1.17, (23, 25, 29, 32, 38): 1.23, (1, 4, 25, 26, 32): 1.4100000000000001, (1, 11, 25, 29, 32): 1.2600000000000002, (1, 25, 32, 33, 34): 1.29, (1, 29, 32, 33, 34): 1.29, (2, 10, 19, 21, 26): 1.4300000000000002, (21, 23, 25, 29, 32): 1.33, (22, 25, 29, 32, 33): 1.3000000000000003, (23, 29, 32, 34, 38): 1.22, (0, 1, 4, 25, 27): 1.2599999999999998, (1, 4, 21, 27, 36): 1.2799999999999998, (1, 10, 11, 26, 33): 1.35, (1, 12, 22, 25, 32): 1.24, (1, 23, 25, 27, 32): 1.19, (1, 29, 32, 33, 38): 1.2799999999999998, (2, 4, 21, 26, 36): 1.17, (2, 11, 21, 26, 39): 1.28, (4, 21, 26, 33, 39): 1.2400000000000002, (10, 21, 26, 29, 33): 1.3800000000000001, (21, 22, 23, 29, 32): 1.33, (0, 1, 25, 29, 33): 1.33, (0, 22, 23, 25, 32): 1.2199999999999998, (0, 22, 25, 26, 32): 1.2, (0, 22, 25, 27, 32): 1.1400000000000001, (0, 22, 25, 32, 36): 1.31, (0, 25, 27, 32, 36): 1.1400000000000001, (0, 26, 29, 32, 33): 1.2, (1, 10, 25, 29, 32): 1.22, (1, 22, 25, 27, 36): 1.23, (2, 4, 10, 19, 26): 1.51, (4, 8, 19, 21, 27): 1.24, (10, 25, 26, 29, 32): 1.31}
Execution Time: 285427.0169 seconds
API Calls: 500500
Entropy (dep) over time: (0, None)

Algorithm 2: Naive
-----------------
Candidates Set: {(1, 25, 29, 32, 33): (0.96, 0.86)}
Execution Time: 574.3853 seconds
API Calls: 1003
Entropy (dep) over time: []

Algorithm 3: Max_Prob
--------------------
Candidates Set: {(4, 19, 21, 26, 39): (0.94, 0.84)}
Execution Time: 572.8608 seconds
API Calls: 1001
Entropy (dep) over time: [0.299, 0]

