Experiment Results
==================

Algorithm 1: Exact_Baseline
--------------------------
Candidates Set: {(8, 12, 15): 0.8999999999999999, (18, 31, 43): 0.9666666666666666, (6, 25, 38): 0.8333333333333335, (11, 26, 30): 1.0666666666666667, (10, 23, 33): 0.7666666666666667, (0, 23, 49): 0.6333333333333333, (9, 18, 44): 0.6, (9, 18, 25): 0.8333333333333333, (0, 26, 39): 1.1, (0, 44, 46): 0.9000000000000001, (4, 10, 34): 0.9999999999999999, (2, 4, 31): 1.2, (12, 15, 44): 1.1666666666666667, (0, 15, 35): 1.2333333333333334, (22, 24, 36): 1.0, (27, 38, 45): 1.2333333333333334, (43, 46, 48): 1.3, (18, 35, 44): 0.8666666666666666, (20, 21, 49): 0.9333333333333333, (31, 43, 46): 1.166666666666667, (2, 44, 49): 0.9333333333333333, (8, 11, 37): 0.46666666666666673, (22, 35, 44): 1.2666666666666666, (1, 18, 47): 0.8, (4, 11, 23): 1.0666666666666667, (14, 22, 33): 1.1333333333333333, (23, 30, 36): 0.9666666666666666, (2, 24, 35): 1.3333333333333335, (24, 35, 38): 1.1666666666666665, (17, 31, 33): 1.1333333333333333, (6, 17, 23): 0.8333333333333333, (26, 35, 46): 1.6333333333333333, (9, 13, 16): 0.9333333333333332, (26, 29, 41): 1.2, (0, 35, 43): 1.3, (10, 18, 21): 1.2333333333333334, (1, 4, 13): 1.0666666666666667, (13, 25, 44): 0.8666666666666667, (9, 13, 38): 0.8, (5, 10, 21): 1.3333333333333335, (5, 14, 20): 1.1666666666666665, (0, 15, 38): 0.9666666666666668, (2, 22, 49): 0.8999999999999999, (1, 34, 45): 1.4, (24, 25, 28): 1.3333333333333335, (27, 28, 33): 1.4666666666666668, (3, 42, 45): 1.0666666666666667, (2, 19, 47): 0.6, (8, 28, 37): 0.7, (16, 38, 49): 0.6333333333333333, (3, 31, 37): 0.7999999999999999, (16, 18, 36): 0.8, (0, 12, 27): 0.8333333333333333, (31, 35, 38): 1.3666666666666667, (23, 27, 47): 0.36666666666666664, (17, 25, 27): 1.1666666666666665, (0, 8, 29): 0.8666666666666667, (11, 17, 30): 0.8999999999999999, (40, 46, 49): 0.9333333333333333, (9, 30, 43): 0.7333333333333333, (1, 21, 31): 1.2666666666666666, (17, 22, 26): 1.4, (3, 9, 22): 0.8333333333333333, (11, 37, 40): 0.36666666666666664, (9, 16, 41): 0.6666666666666667, (17, 21, 28): 0.7, (13, 14, 48): 1.1333333333333333, (7, 16, 25): 1.1666666666666667, (29, 40, 44): 1.4, (8, 10, 16): 1.0, (2, 7, 42): 0.8999999999999999, (30, 36, 38): 0.5333333333333333, (39, 45, 49): 1.0666666666666667, (3, 45, 46): 1.2333333333333334, (27, 40, 44): 1.1333333333333333, (3, 31, 33): 0.9666666666666666, (10, 34, 35): 1.0666666666666667, (5, 20, 44): 0.9666666666666666, (14, 36, 45): 0.8666666666666667, (4, 14, 23): 0.8333333333333333, (14, 35, 43): 1.2999999999999998, (5, 9, 33): 1.2666666666666666, (0, 37, 49): 0.6333333333333332, (7, 30, 43): 0.9000000000000001, (11, 20, 48): 0.8666666666666667, (7, 10, 13): 0.8333333333333333, (7, 38, 49): 0.9, (2, 18, 49): 0.6, (1, 23, 28): 1.0, (1, 15, 39): 1.3333333333333333, (3, 20, 24): 0.9666666666666666, (22, 38, 45): 1.1333333333333333, (13, 18, 27): 0.7, (17, 35, 45): 1.1333333333333333, (5, 7, 31): 0.7, (6, 13, 37): 0.7333333333333333, (22, 36, 47): 0.8333333333333333, (3, 26, 46): 1.4000000000000001, (12, 31, 32): 0.7666666666666666, (35, 46, 48): 1.2}
Execution Time: 746.8699 seconds
API Calls: 1275
Entropy (dep) over time: (0, None)

Algorithm 2: Naive
-----------------
Candidates Set: {(26, 35, 46): (1.633, 1.633)}
Execution Time: 415.4250 seconds
API Calls: 714
Entropy (dep) over time: []

Algorithm 3: Max_Prob
--------------------
Candidates Set: {(26, 35, 46): (1.633, 1.633)}
Execution Time: 66.3987 seconds
API Calls: 77
Entropy (dep) over time: [0.011, 0.933, 0.0, 0.0, 0.0, 0.0, 0.0, 0.0, 0.0, 0.0, 0.0, 0.0, 0.0, 0.0, 0.0, 0.0, 0.0, 0.0, 0.0, 0.0, 0.002, 0.006, 0.024, 0.07, 0.342, 0.687, 0.516, 0]

Algorithm 4: Exact_Baseline
--------------------------
Candidates Set: {(4, 6, 18, 19, 29): 0.99, (14, 17, 25, 27, 33): 1.17, (6, 16, 22, 27, 30): 1.0300000000000002, (11, 14, 16, 24, 31): 0.9500000000000001, (6, 16, 18, 22, 38): 0.8600000000000001, (1, 4, 7, 20, 34): 1.1600000000000001, (3, 13, 24, 27, 35): 1.15, (5, 9, 11, 23, 26): 1.0100000000000002, (5, 6, 23, 25, 37): 0.9400000000000002, (13, 26, 28, 34, 37): 1.03, (4, 12, 19, 27, 30): 1.13, (0, 8, 11, 14, 28): 0.78, (7, 8, 23, 25, 38): 0.8300000000000001, (8, 18, 20, 30, 31): 0.6399999999999999, (1, 4, 17, 28, 39): 1.1099999999999999, (1, 4, 7, 23, 27): 0.91, (7, 9, 12, 32, 38): 0.77, (7, 10, 21, 24, 32): 1.09, (4, 7, 8, 11, 36): 0.9099999999999999, (2, 12, 14, 22, 25): 1.06, (4, 12, 16, 20, 38): 0.8700000000000001, (8, 18, 30, 35, 36): 0.6799999999999999, (10, 15, 17, 28, 35): 1.0699999999999998, (10, 12, 21, 26, 29): 1.19, (2, 11, 12, 15, 39): 1.24, (10, 13, 25, 32, 35): 1.0299999999999998, (4, 20, 27, 28, 30): 0.9299999999999999, (10, 14, 26, 29, 31): 1.2699999999999998, (4, 8, 13, 14, 34): 0.77, (0, 11, 29, 31, 36): 0.8700000000000001, (0, 2, 20, 24, 38): 0.91, (12, 14, 15, 35, 36): 0.9, (7, 13, 21, 33, 34): 1.18, (5, 7, 11, 14, 22): 0.78, (7, 10, 30, 32, 36): 0.8399999999999999, (0, 2, 7, 21, 35): 0.95, (14, 23, 24, 30, 35): 0.8899999999999999, (5, 6, 25, 26, 29): 1.25, (4, 15, 24, 25, 34): 1.17, (8, 10, 28, 32, 36): 0.8799999999999999, (4, 14, 22, 29, 31): 1.1199999999999999, (13, 18, 29, 30, 34): 0.8300000000000001, (8, 9, 23, 24, 36): 0.81, (11, 24, 30, 31, 34): 0.9100000000000001, (19, 24, 27, 32, 35): 1.08, (2, 5, 29, 31, 38): 1.21, (1, 3, 5, 9, 24): 1.0999999999999999, (0, 2, 17, 31, 33): 0.9800000000000001, (2, 13, 15, 19, 27): 0.8999999999999999, (9, 11, 12, 21, 31): 1.14, (6, 16, 22, 33, 34): 1.17, (4, 13, 15, 20, 25): 1.15, (6, 8, 14, 19, 22): 0.94, (0, 1, 10, 13, 19): 1.1, (0, 14, 19, 23, 27): 0.9100000000000001, (11, 17, 19, 20, 35): 1.03, (21, 24, 26, 28, 31): 1.31, (17, 20, 27, 33, 37): 1.04, (6, 17, 21, 24, 36): 1.08, (1, 17, 21, 27, 28): 0.98, (11, 14, 15, 16, 26): 0.8500000000000001, (8, 12, 16, 23, 30): 0.65, (1, 2, 5, 10, 25): 1.1400000000000001, (22, 23, 25, 28, 38): 1.1099999999999999, (0, 10, 16, 35, 38): 0.9299999999999999, (2, 11, 21, 30, 38): 0.9900000000000001, (0, 1, 7, 19, 31): 0.9700000000000002, (4, 6, 12, 20, 37): 0.96, (1, 6, 13, 17, 22): 1.1300000000000001, (7, 18, 24, 26, 36): 0.86, (7, 16, 34, 35, 38): 1.0699999999999998, (7, 15, 18, 19, 30): 0.72, (19, 27, 28, 33, 34): 1.13, (2, 6, 11, 16, 27): 0.8200000000000001, (2, 6, 13, 15, 27): 0.8500000000000001, (6, 9, 28, 29, 35): 1.13, (5, 11, 14, 31, 32): 0.76, (4, 10, 19, 23, 30): 1.0600000000000003, (12, 13, 17, 26, 31): 1.18, (5, 10, 26, 27, 35): 1.29, (6, 11, 27, 34, 36): 0.91, (0, 1, 5, 8, 20): 1.09, (1, 4, 21, 22, 33): 1.48, (14, 19, 22, 28, 34): 1.0299999999999998, (0, 1, 2, 15, 30): 0.9500000000000001, (12, 16, 26, 33, 34): 1.1400000000000001, (17, 21, 31, 35, 38): 1.13, (10, 11, 13, 16, 37): 0.71, (3, 6, 25, 33, 39): 1.08, (7, 10, 19, 21, 38): 1.13, (3, 19, 26, 30, 38): 0.9400000000000001, (2, 10, 24, 33, 37): 1.0899999999999999, (8, 20, 25, 31, 37): 0.9299999999999999, (1, 14, 17, 20, 33): 1.18, (1, 8, 10, 16, 29): 1.02, (3, 7, 18, 32, 38): 0.65, (9, 11, 21, 37, 39): 0.84, (4, 9, 20, 31, 38): 1.16, (7, 8, 16, 18, 37): 0.6, (13, 16, 20, 24, 38): 0.99}
Execution Time: 735.0942 seconds
API Calls: 1275
Entropy (dep) over time: (0, None)

Algorithm 5: Naive
-----------------
Candidates Set: {(1, 4, 21, 22, 33): (1.42, 1.52)}
Execution Time: 365.9073 seconds
API Calls: 629
Entropy (dep) over time: []

Algorithm 6: Max_Prob
--------------------
Candidates Set: {(1, 4, 21, 22, 33): (1.48, 1.48)}
Execution Time: 231.7361 seconds
API Calls: 162
Entropy (dep) over time: [0.061, 1.585, 1.02, 1.02, 0.057, 0.052, 2.486, 2.502, 0.006, 0.0, 0.0, 0.0, 0.0, 0.0, 0.0, 0.0, 0.0, 0.0, 0.0, 0.0, 0.0, 0.0, 0.0, 0.0, 0.0, 0.0, 0.0, 0.0, 0.0, 0.0, 0.0, 0.0, 0.0, 0.0, 0.0, 0.0, 0.0, 0.0, 0.0, 0.0, 0.0, 0.0, 0.0, 0.0, 0.0, 0.0, 0.0, 0.0, 0.0, 0.0, 0.0, 0.0, 0.0, 0.0, 0.0, 0.0, 0.0, 0.0, 0.0, 0.0, 0.0, 0.0, 0.0, 0.0, 0.0, 0.0, 0.0, 0.0, 0.0, 0.0, 0.0, 0.0, 0.0, 0.0, 0.0, 0.0, 0.0, 0.0, 0.0, 0.0, 0.0, 0.0, 0.0, 0.0, 0.0, 0.0, 0.001, 0.001, 0.003, 0.01, 0.001, 0.003, 0.004, 0.003, 0.006, 0.007, 0.01, 0.018, 0.017, 0.02, 0.027, 0.054, 0.062, 0.08, 0.084, 0.071, 0.099, 0.16, 0.246, 0.336, 0.323, 0.0, 0]

Algorithm 7: Exact_Baseline
--------------------------
Candidates Set: {(2, 3, 8, 11, 12, 15, 23): 0.9523809523809526, (1, 4, 10, 18, 20, 21, 23): 1.1285714285714288, (2, 5, 11, 12, 19, 26, 27): 1.1142857142857143, (0, 9, 14, 17, 19, 21, 25): 1.0047619047619047, (0, 2, 3, 5, 6, 21, 24): 1.1857142857142857, (3, 6, 11, 19, 25, 28, 29): 0.8857142857142858, (2, 7, 9, 10, 13, 21, 27): 0.9523809523809523, (0, 1, 8, 10, 13, 17, 25): 1.0476190476190477, (4, 6, 8, 16, 19, 21, 22): 1.1619047619047618, (1, 8, 9, 13, 14, 19, 28): 0.9571428571428573, (1, 5, 10, 21, 23, 24, 25): 1.2000000000000002, (1, 2, 11, 14, 16, 19, 20): 0.9095238095238096, (0, 1, 9, 14, 16, 28, 29): 0.9380952380952379, (14, 15, 18, 19, 23, 25, 28): 0.8333333333333334, (10, 13, 15, 18, 21, 25, 28): 1.0952380952380953, (2, 3, 4, 8, 9, 10, 16): 1.0523809523809526, (0, 2, 4, 5, 10, 17, 29): 1.2047619047619047, (3, 4, 5, 18, 22, 24, 27): 1.0714285714285712, (6, 8, 12, 14, 20, 22, 28): 0.9904761904761907, (1, 8, 10, 17, 19, 20, 25): 1.119047619047619, (14, 16, 18, 20, 21, 27, 28): 0.861904761904762, (2, 5, 6, 9, 11, 26, 28): 1.0761904761904764, (1, 6, 16, 20, 24, 25, 26): 1.1333333333333333, (0, 2, 3, 8, 12, 19, 25): 1.042857142857143, (4, 6, 10, 21, 24, 26, 28): 1.2380952380952381, (0, 3, 4, 8, 16, 19, 22): 1.0142857142857142, (2, 5, 15, 20, 21, 23, 27): 0.9999999999999999, (6, 7, 10, 20, 21, 22, 29): 1.0714285714285714, (3, 4, 7, 9, 11, 17, 28): 0.8809523809523808, (6, 12, 20, 24, 25, 27, 28): 1.1142857142857143, (5, 10, 15, 17, 20, 22, 29): 1.0904761904761904, (2, 3, 7, 13, 22, 24, 29): 1.0095238095238095, (2, 3, 7, 9, 16, 19, 25): 0.9476190476190476, (2, 9, 16, 20, 24, 26, 27): 0.9999999999999999, (7, 8, 9, 21, 22, 27, 29): 0.8, (2, 8, 11, 15, 17, 20, 29): 0.8047619047619048, (0, 1, 8, 12, 19, 25, 28): 1.0761904761904761, (0, 9, 18, 20, 22, 26, 27): 0.8714285714285713, (1, 5, 7, 14, 15, 24, 25): 1.0476190476190474, (6, 9, 10, 11, 16, 19, 25): 0.9380952380952381, (1, 13, 19, 20, 22, 25, 29): 1.2380952380952381, (3, 4, 12, 15, 16, 17, 21): 1.0523809523809524, (0, 5, 7, 19, 21, 27, 29): 1.0952380952380953, (0, 6, 12, 13, 17, 22, 25): 1.0238095238095237, (3, 5, 7, 8, 16, 19, 25): 1.0380952380952384, (0, 5, 6, 18, 21, 25, 27): 1.0761904761904764, (3, 5, 13, 18, 20, 21, 27): 1.1333333333333333, (1, 5, 7, 18, 19, 25, 29): 1.019047619047619, (3, 9, 13, 20, 21, 24, 28): 1.0428571428571427, (5, 8, 14, 15, 16, 26, 29): 0.9476190476190476, (2, 18, 19, 20, 21, 25, 27): 0.980952380952381, (0, 11, 14, 16, 19, 27, 29): 0.8666666666666667, (2, 10, 19, 20, 22, 23, 24): 1.138095238095238, (1, 2, 10, 17, 22, 23, 25): 1.1428571428571428, (1, 6, 12, 13, 19, 20, 22): 1.0857142857142856, (6, 12, 15, 17, 24, 26, 27): 0.9761904761904762, (1, 8, 9, 20, 23, 26, 28): 0.9857142857142858, (1, 5, 6, 10, 24, 25, 26): 1.1952380952380952, (3, 10, 12, 20, 22, 26, 27): 1.1095238095238096, (0, 1, 2, 16, 22, 26, 28): 1.0476190476190474, (4, 8, 13, 17, 24, 28, 29): 1.0285714285714285, (0, 5, 6, 9, 12, 19, 26): 1.1142857142857143, (1, 3, 11, 18, 19, 24, 28): 0.9095238095238094, (0, 1, 3, 18, 21, 23, 27): 0.8857142857142859, (1, 6, 9, 11, 12, 17, 28): 0.8952380952380952, (3, 4, 7, 12, 22, 25, 28): 1.2095238095238097, (5, 6, 8, 9, 10, 12, 27): 0.9571428571428571, (1, 5, 6, 8, 12, 21, 24): 1.1523809523809523, (2, 8, 9, 16, 18, 25, 28): 0.8285714285714285, (2, 3, 13, 14, 16, 26, 29): 1.042857142857143, (1, 6, 10, 16, 18, 20, 29): 1.0, (1, 9, 10, 17, 18, 23, 28): 0.9285714285714286, (0, 3, 4, 8, 9, 10, 16): 1.0523809523809526, (6, 7, 13, 16, 17, 22, 24): 0.961904761904762, (4, 7, 9, 12, 18, 22, 26): 1.0333333333333332, (2, 10, 11, 15, 20, 21, 23): 1.019047619047619, (1, 3, 6, 9, 15, 18, 19): 0.7999999999999999, (3, 6, 7, 11, 12, 13, 19): 0.842857142857143, (5, 7, 9, 22, 23, 27, 28): 0.8714285714285714, (0, 1, 13, 14, 15, 19, 20): 1.0190476190476194, (4, 11, 12, 16, 26, 28, 29): 1.019047619047619, (2, 3, 12, 15, 16, 23, 29): 0.9904761904761903, (0, 6, 8, 12, 14, 17, 26): 0.8809523809523809, (0, 2, 3, 12, 14, 20, 25): 1.0380952380952382, (0, 7, 12, 15, 20, 24, 26): 0.9523809523809523, (1, 7, 11, 12, 22, 24, 29): 0.9238095238095239, (12, 16, 20, 22, 24, 28, 29): 1.061904761904762, (0, 8, 18, 20, 21, 22, 25): 0.9761904761904763, (0, 5, 6, 10, 20, 28, 29): 1.1047619047619048, (8, 11, 12, 15, 18, 19, 22): 0.9428571428571428, (1, 7, 9, 12, 15, 23, 25): 1.0857142857142859, (2, 5, 8, 11, 19, 24, 27): 1.0857142857142859, (3, 9, 10, 12, 14, 23, 25): 0.9285714285714285, (3, 6, 7, 8, 11, 12, 25): 0.861904761904762, (3, 5, 8, 12, 16, 23, 25): 0.9619047619047618, (0, 5, 15, 16, 22, 25, 27): 1.0952380952380953, (3, 6, 9, 20, 21, 24, 25): 1.1714285714285713, (0, 1, 4, 7, 10, 11, 21): 1.0142857142857145, (6, 14, 15, 17, 19, 24, 25): 0.9285714285714286, (5, 6, 8, 14, 18, 19, 28): 0.9285714285714286}
Execution Time: 735.0959 seconds
API Calls: 1275
Entropy (dep) over time: (0, None)

Algorithm 8: Naive
-----------------
Candidates Set: {(4, 6, 10, 21, 24, 26, 28): (1.242, 1.236)}
Execution Time: 272.6079 seconds
API Calls: 467
Entropy (dep) over time: []

Algorithm 9: Max_Prob
--------------------
Candidates Set: {(1, 13, 19, 20, 22, 25, 29): (1.241, 1.235)}
Execution Time: 622.4577 seconds
API Calls: 322
Entropy (dep) over time: [1.574, 0.977, 0.005, 0.011, 0.853, 0.136, 1.555, 0.001, 0.001, 0.001, 0.219, 0.0, 0.0, 0.0, 0.0, 0.001, 0.004, 0.01, 0.002, 0.0, 0.0, 0.0, 0.0, 0.0, 0.0, 0.0, 0.0, 0.0, 0.0, 0.654, 0.689, 0.912, 0.433, 0.0, 0.0, 0.0, 0.0, 0.0, 0.0, 0.0, 0.0, 0.0, 0.0, 0.0, 0.0, 0.0, 0.0, 0.0, 0.0, 0.0, 0.0, 0.0, 0.0, 0.001, 0.0, 0.356, 0.0, 0.0, 0.0, 0.0, 0.0, 0.0, 0.0, 0.0, 0.0, 0.0, 0.0, 0.0, 0.0, 0.0, 0.0, 0.0, 0.0, 0.0, 0.0, 0.0, 0.0, 0.0, 0.0, 0.0, 0.0, 0.0, 0.0, 0.0, 0.0, 0.0, 0.0, 0.0, 0.0, 0.0, 0.0, 0.0, 0.0, 0.0, 0.0, 0.0, 0.0, 0.0, 0.0, 0.0, 0.0, 0.0, 0.0, 0.0, 0.0, 0.0, 0.0, 0.0, 0.0, 0.0, 0.0, 0.0, 0.0, 0.0, 0.0, 0.0, 0.0, 0.0, 0.0, 0.0, 0.0, 0.0, 0.0, 0.0, 0.0, 0.0, 0.0, 0.0, 0.0, 0.0, 0.0, 0.0, 0.0, 0.0, 0.0, 0.0, 0.0, 0.0, 0.0, 0.0, 0.0, 0.0, 0.0, 0.0, 0.0, 0.0, 0.0, 0.0, 0.0, 0.0, 0.0, 0.0, 0.0, 0.0, 0.0, 0.0, 0.0, 0.0, 0.0, 0.0, 0.0, 0.0, 0.0, 0.0, 0.0, 0.0, 0.0, 0.0, 0.0, 0.0, 0.0, 0.0, 0.0, 0.0, 0.0, 0.0, 0.0, 0.0, 0.0, 0.0, 0.0, 0.0, 0.0, 0.0, 0.0, 0.0, 0.0, 0.0, 0.0, 0.0, 0.0, 0.0, 0.0, 0.0, 0.0, 0.0, 0.0, 0.0, 0.0, 0.0, 0.0, 0.0, 0.0, 0.0, 0.0, 0.0, 0.0, 0.0, 0.0, 0.0, 0.0, 0.0, 0.0, 0.0, 0.0, 0.0, 0.0, 0.0, 0.0, 0.0, 0.0, 0.0, 0.0, 0.0, 0.0, 0.0, 0.0, 0.0, 0.0, 0.0, 0.0, 0.0, 0.0, 0.0, 0.0, 0.0, 0.0, 0.0, 0.0, 0.0, 0.0, 0.0, 0.0, 0.0, 0.0, 0.0, 0.0, 0.0, 0.0, 0.0, 0.0, 0.0, 0.0, 0.0, 0.0, 0.0, 0.0, 0.0, 0.0, 0.0, 0.0, 0.0, 0.0, 0.0, 0.0, 0.108, 0.136, 0.0, 0.0, 0.0, 0.0, 0.0, 0]

