Experiment Results
==================

Algorithm 1: Exact_Baseline
--------------------------
Candidates Set: {(10, 17): 0.7, (15, 31): 0.6, (35, 41): 0.95, (5, 25): 1.7, (40, 44): 1.2, (10, 47): 1.1, (24, 36): 0.7, (14, 29): 1.5, (20, 28): 0.65, (4, 48): 1.65, (23, 38): 1.1, (1, 4): 1.3, (1, 44): 1.1, (41, 46): 1.25, (2, 16): 1.25, (22, 35): 0.5, (15, 32): 1.35, (26, 43): 1.35, (21, 48): 0.8, (42, 49): 1.7, (1, 11): 1.75, (14, 30): 0.2, (3, 34): 1.15, (39, 40): 0.75, (18, 20): 0.3, (7, 10): 0.7, (4, 8): 1.0, (7, 38): 0.9000000000000001, (9, 48): 1.25, (10, 44): 0.8999999999999999, (0, 48): 1.2, (26, 34): 1.5, (13, 22): 1.0, (5, 6): 0.8999999999999999, (12, 38): 1.45, (5, 42): 1.05, (25, 26): 1.3499999999999999, (24, 43): 1.0, (23, 36): 1.15, (22, 29): 1.6, (22, 48): 1.4500000000000002, (11, 48): 1.0, (21, 30): 1.25, (3, 38): 1.05, (25, 33): 1.35, (0, 8): 1.15, (3, 41): 0.5, (30, 41): 0.35, (3, 36): 0.5, (20, 23): 0.85, (5, 44): 1.35, (16, 28): 0.05, (15, 19): 0.7, (11, 21): 1.2, (11, 29): 1.5499999999999998, (8, 23): 1.6, (38, 41): 1.05, (45, 46): 1.05, (3, 43): 1.2, (19, 42): 1.15, (20, 46): 0.95, (19, 43): 1.3, (13, 19): 0.65, (21, 45): 1.2, (27, 47): 0.44999999999999996, (22, 36): 0.8500000000000001, (35, 40): 1.3, (0, 17): 0.65, (16, 31): 0.7, (13, 14): 0.6000000000000001, (10, 24): 1.15, (20, 39): 0.9, (12, 44): 1.4500000000000002, (15, 44): 1.75, (14, 40): 1.4, (18, 26): 0.44999999999999996, (12, 21): 0.5, (13, 26): 1.3, (0, 11): 1.1, (1, 19): 1.75, (6, 43): 0.7, (26, 28): 1.1, (3, 47): 1.25, (7, 43): 0.55, (35, 44): 0.7, (10, 40): 0.7, (4, 6): 1.15, (18, 48): 0.8999999999999999, (12, 29): 0.8500000000000001, (9, 18): 1.15, (20, 21): 0.7999999999999999, (17, 30): 1.1, (14, 36): 0.44999999999999996, (10, 43): 0.35, (46, 47): 0.4, (24, 45): 1.4, (14, 21): 0.65, (6, 17): 1.25, (28, 44): 1.1, (12, 26): 0.44999999999999996}
Execution Time: 729.5673 seconds
API Calls: 1275
Entropy (dep) over time: (0, None)

Algorithm 2: Naive
-----------------
Candidates Set: {(1, 11): (1.75, 1.75)}
Execution Time: 116.8637 seconds
API Calls: 205
Entropy (dep) over time: []

Algorithm 3: Max_Prob
--------------------
Candidates Set: {(1, 11): (1.75, 1.75)}
Execution Time: 45.4636 seconds
API Calls: 64
Entropy (dep) over time: [0.003, 0.084, 0.0, 0.0, 0.0, 0.0, 0.0, 0.0, 0.0, 0.112, 0.246, 0.489, 0.875, 0.544, 0]

Algorithm 4: Exact_Baseline
--------------------------
Candidates Set: {(9, 15, 16, 36): 0.8416666666666668, (2, 23, 27, 30): 1.0583333333333333, (3, 20, 28, 35): 0.6333333333333332, (9, 21, 29, 33): 1.5583333333333333, (6, 28, 29, 34): 0.875, (9, 13, 16, 29): 1.125, (18, 19, 20, 32): 0.7416666666666667, (2, 13, 14, 38): 1.1333333333333333, (22, 29, 30, 38): 1.4166666666666667, (13, 22, 32, 33): 1.1166666666666667, (3, 14, 30, 39): 0.8, (7, 16, 22, 32): 1.0916666666666668, (15, 31, 33, 34): 0.8666666666666667, (0, 2, 28, 37): 1.0333333333333334, (12, 20, 37, 38): 0.8416666666666668, (0, 9, 19, 31): 0.9083333333333334, (4, 16, 25, 30): 1.0, (4, 15, 24, 27): 0.9916666666666667, (2, 11, 13, 34): 1.2750000000000001, (7, 8, 20, 36): 1.1166666666666667, (14, 20, 26, 35): 0.5916666666666666, (11, 12, 19, 31): 1.0166666666666666, (6, 28, 29, 36): 0.8333333333333333, (4, 13, 31, 32): 0.9583333333333334, (4, 21, 27, 39): 1.3083333333333331, (0, 3, 17, 37): 0.8416666666666667, (3, 9, 11, 26): 1.15, (4, 8, 28, 34): 0.8166666666666667, (20, 30, 31, 37): 0.5916666666666667, (14, 16, 31, 39): 0.6749999999999999, (7, 18, 22, 29): 1.075, (9, 12, 22, 36): 0.95, (6, 9, 23, 31): 0.9166666666666667, (21, 27, 30, 38): 1.2, (0, 4, 19, 33): 1.05, (6, 11, 22, 31): 1.1416666666666666, (4, 6, 11, 25): 1.2416666666666665, (0, 3, 7, 30): 0.7999999999999999, (1, 5, 30, 36): 0.8833333333333333, (10, 13, 20, 21): 0.9666666666666668, (0, 2, 20, 34): 1.0833333333333335, (7, 14, 16, 18): 0.5, (9, 17, 19, 21): 1.1333333333333333, (0, 4, 15, 16): 0.7583333333333334, (7, 14, 35, 37): 0.5083333333333333, (11, 14, 21, 23): 1.05, (7, 32, 34, 35): 0.9833333333333334, (20, 24, 26, 35): 1.1166666666666667, (12, 31, 33, 39): 0.8416666666666668, (23, 26, 31, 33): 1.2083333333333335, (18, 19, 30, 35): 0.5833333333333333, (0, 15, 19, 25): 1.0, (9, 11, 22, 34): 1.3583333333333334, (6, 11, 33, 38): 1.3833333333333333, (2, 17, 18, 39): 0.7833333333333333, (22, 29, 38, 39): 1.3083333333333333, (12, 14, 22, 30): 0.6583333333333334, (2, 15, 24, 34): 1.0, (0, 8, 17, 28): 0.9083333333333333, (5, 8, 17, 25): 1.2333333333333334, (3, 4, 15, 35): 1.0, (0, 2, 15, 35): 1.0, (3, 9, 23, 37): 0.9666666666666667, (1, 6, 21, 39): 1.1916666666666669, (0, 3, 6, 7): 0.8416666666666668, (4, 10, 26, 33): 1.05, (12, 15, 20, 34): 0.675, (12, 15, 30, 36): 0.8083333333333333, (15, 24, 32, 37): 1.1583333333333332, (17, 21, 35, 37): 0.8499999999999999, (2, 22, 31, 35): 0.7250000000000001, (6, 8, 24, 27): 1.0416666666666667, (2, 23, 30, 33): 1.4166666666666667, (7, 10, 23, 24): 0.9416666666666667, (11, 20, 26, 31): 1.1583333333333334, (4, 13, 24, 29): 1.1916666666666667, (0, 1, 15, 22): 1.1, (26, 27, 37, 39): 0.8416666666666667, (21, 22, 26, 33): 1.075, (6, 29, 30, 34): 0.8583333333333334, (5, 12, 16, 24): 0.8166666666666667, (6, 19, 26, 32): 1.1833333333333333, (1, 14, 26, 35): 0.6166666666666667, (4, 22, 32, 36): 1.3583333333333334, (4, 14, 24, 25): 1.0833333333333333, (21, 25, 27, 31): 0.9166666666666667, (5, 13, 27, 30): 0.9333333333333335, (10, 11, 22, 30): 1.0916666666666668, (26, 30, 33, 39): 1.0416666666666667, (7, 22, 35, 37): 0.8083333333333333, (10, 23, 25, 38): 0.9749999999999999, (6, 27, 31, 37): 0.7666666666666666, (6, 29, 33, 39): 1.0833333333333335, (3, 7, 10, 19): 1.0, (0, 8, 11, 24): 1.0916666666666668, (0, 16, 23, 36): 0.825, (1, 6, 13, 34): 1.0416666666666667, (12, 13, 20, 24): 0.9749999999999999, (0, 11, 22, 35): 1.0666666666666664, (12, 14, 23, 28): 0.7250000000000001}
Execution Time: 729.5536 seconds
API Calls: 1275
Entropy (dep) over time: (0, None)

Algorithm 5: Naive
-----------------
Candidates Set: {(9, 21, 29, 33): (1.56, 1.558)}
Execution Time: 196.1579 seconds
API Calls: 347
Entropy (dep) over time: []

Algorithm 6: Max_Prob
--------------------
Candidates Set: {(9, 21, 29, 33): (1.56, 1.558)}
Execution Time: 85.1142 seconds
API Calls: 102
Entropy (dep) over time: [0.0, 0.0, 0.0, 0.0, 0.0, 0.0, 0.0, 0.0, 0.0, 0.0, 0.0, 0.0, 0.0, 0.0, 0.0, 0.0, 0.0, 0.0, 0.0, 0.0, 0.0, 0.0, 0.0, 0.0, 0.0, 0.0, 0.0, 0.0, 0.0, 0.0, 0.0, 0.0, 0.0, 0.0, 0.0, 0.0, 0.0, 0.0, 0.0, 0.0, 0.0, 0.0, 0.0, 0.0, 0.0, 0.0, 0.001, 0.004, 0.012, 0.025, 0.0, 0.0, 0]

Algorithm 7: Exact_Baseline
--------------------------
Candidates Set: {(1, 5, 15, 16, 18, 25): 0.8633333333333335, (1, 3, 4, 9, 10, 18): 1.08, (0, 8, 15, 20, 23, 26): 1.05, (3, 7, 15, 18, 19, 23): 0.9333333333333332, (1, 10, 17, 19, 21, 27): 1.0699999999999998, (12, 15, 17, 19, 23, 25): 0.9066666666666666, (1, 5, 12, 14, 19, 23): 0.9166666666666667, (13, 16, 20, 22, 24, 28): 0.9566666666666666, (7, 12, 18, 21, 26, 27): 0.6866666666666668, (2, 12, 16, 18, 19, 27): 0.8833333333333333, (3, 4, 10, 13, 20, 26): 0.96, (3, 14, 19, 23, 25, 28): 0.97, (0, 9, 14, 16, 22, 24): 0.9366666666666666, (4, 5, 18, 19, 23, 28): 0.9233333333333333, (4, 5, 6, 15, 21, 23): 1.18, (11, 12, 13, 16, 20, 22): 0.9866666666666666, (4, 12, 14, 20, 21, 22): 0.99, (0, 7, 17, 22, 23, 26): 0.9766666666666667, (10, 15, 17, 19, 25, 28): 0.8966666666666667, (1, 18, 21, 22, 26, 27): 0.9366666666666668, (7, 10, 16, 20, 26, 27): 0.7766666666666667, (0, 1, 6, 12, 25, 28): 0.96, (0, 2, 6, 16, 18, 22): 0.9133333333333333, (4, 5, 10, 13, 21, 22): 1.1133333333333333, (3, 11, 13, 15, 16, 28): 0.7666666666666666, (0, 1, 4, 9, 20, 28): 0.98, (0, 5, 7, 17, 26, 27): 0.8433333333333334, (2, 3, 13, 17, 22, 28): 0.9033333333333332, (1, 4, 8, 14, 15, 18): 0.9933333333333334, (1, 2, 14, 22, 24, 29): 1.1833333333333333, (0, 1, 14, 19, 25, 26): 1.0233333333333334, (1, 13, 14, 21, 22, 27): 0.9666666666666668, (2, 12, 13, 21, 22, 25): 1.0699999999999998, (3, 5, 8, 10, 22, 28): 0.8733333333333333, (1, 2, 8, 19, 24, 25): 1.3233333333333335, (2, 7, 10, 12, 15, 29): 1.04, (3, 4, 10, 16, 21, 27): 1.0133333333333332, (2, 9, 10, 12, 13, 18): 0.9266666666666666, (0, 4, 5, 7, 17, 25): 0.9433333333333334, (0, 10, 11, 14, 20, 28): 0.8433333333333334, (13, 14, 15, 16, 22, 28): 0.7533333333333334, (4, 14, 15, 19, 20, 25): 1.0, (3, 5, 8, 10, 13, 23): 1.06, (2, 3, 8, 9, 24, 26): 1.1333333333333333, (2, 5, 13, 19, 21, 28): 1.1166666666666667, (4, 8, 14, 15, 24, 26): 1.0533333333333332, (8, 10, 11, 20, 21, 29): 1.2033333333333334, (0, 1, 3, 5, 12, 23): 1.0133333333333334, (0, 18, 23, 24, 28, 29): 0.9766666666666666, (6, 8, 18, 21, 22, 26): 1.0366666666666666, (3, 5, 15, 16, 20, 23): 1.0166666666666666, (7, 15, 17, 18, 21, 27): 0.8533333333333334, (8, 13, 21, 23, 24, 26): 1.2333333333333334, (1, 13, 18, 24, 25, 28): 1.0033333333333334, (9, 11, 13, 15, 16, 29): 1.1366666666666667, (15, 16, 22, 23, 24, 28): 0.9233333333333333, (1, 8, 11, 20, 28, 29): 1.18, (1, 6, 9, 17, 18, 28): 0.9333333333333333, (7, 14, 18, 26, 27, 28): 0.54, (1, 3, 8, 9, 18, 25): 1.0433333333333332, (13, 18, 22, 24, 26, 28): 0.88, (1, 7, 10, 14, 23, 27): 0.77, (1, 8, 14, 19, 23, 27): 1.1066666666666665, (2, 6, 12, 14, 24, 26): 0.9433333333333334, (6, 7, 10, 11, 14, 20): 1.01, (16, 20, 21, 23, 27, 29): 1.1666666666666667, (1, 7, 8, 13, 19, 26): 1.17, (1, 3, 8, 9, 22, 24): 1.1933333333333334, (2, 3, 6, 7, 10, 22): 1.1133333333333333, (3, 8, 9, 11, 17, 21): 1.0433333333333334, (2, 14, 17, 18, 19, 29): 1.04, (4, 9, 13, 21, 22, 29): 1.3766666666666667, (1, 2, 9, 25, 26, 27): 1.06, (0, 7, 12, 14, 17, 28): 0.6666666666666666, (1, 8, 10, 21, 22, 28): 1.01, (0, 1, 7, 14, 20, 26): 0.8266666666666669, (1, 12, 17, 18, 19, 24): 1.02, (9, 15, 18, 21, 24, 27): 1.0100000000000002, (3, 7, 14, 15, 18, 29): 0.9299999999999999, (6, 7, 10, 17, 18, 19): 0.9833333333333334, (8, 14, 18, 24, 28, 29): 0.9466666666666667, (7, 10, 18, 20, 23, 29): 0.9933333333333333, (0, 7, 11, 15, 20, 29): 1.1400000000000001, (11, 16, 23, 27, 28, 29): 0.9500000000000001, (0, 2, 13, 15, 21, 27): 1.0933333333333333, (1, 14, 16, 20, 27, 29): 0.9100000000000001, (2, 4, 17, 19, 24, 26): 1.1466666666666667, (1, 3, 4, 20, 26, 27): 1.0166666666666668, (5, 6, 9, 15, 21, 29): 1.2, (4, 8, 9, 10, 12, 14): 0.89, (6, 7, 11, 13, 18, 29): 1.0233333333333332, (7, 8, 15, 19, 20, 25): 1.08, (1, 3, 4, 9, 15, 23): 1.0866666666666667, (5, 11, 18, 22, 27, 29): 1.0866666666666667, (0, 1, 13, 15, 20, 25): 1.1066666666666667, (4, 5, 10, 15, 24, 26): 0.9966666666666668, (7, 12, 18, 26, 27, 29): 0.6833333333333333, (8, 9, 10, 14, 15, 18): 0.8266666666666667, (1, 20, 21, 25, 28, 29): 1.0966666666666667, (3, 7, 11, 15, 19, 29): 1.1600000000000001}
Execution Time: 729.5546 seconds
API Calls: 1275
Entropy (dep) over time: (0, None)

Algorithm 8: Naive
-----------------
Candidates Set: {(4, 9, 13, 21, 22, 29): (1.339, 1.401)}
Execution Time: 249.6129 seconds
API Calls: 437
Entropy (dep) over time: []

Algorithm 9: Max_Prob
--------------------
Candidates Set: {(4, 9, 13, 21, 22, 29): (1.379, 1.374)}
Execution Time: 371.2047 seconds
API Calls: 212
Entropy (dep) over time: [2.976, 2.788, 0.015, 2.179, 1.903, 0.722, 0.004, 0.0, 0.0, 0.0, 0.0, 0.0, 0.0, 0.0, 0.0, 0.0, 0.0, 0.0, 0.0, 0.0, 0.0, 0.0, 0.0, 0.0, 0.0, 0.0, 0.0, 0.0, 0.0, 0.0, 0.0, 0.644, 0.0, 0.0, 0.0, 0.0, 0.0, 0.0, 0.0, 0.0, 0.0, 0.0, 0.0, 0.0, 0.0, 0.0, 0.0, 0.0, 0.0, 0.0, 0.0, 0.0, 0.0, 0.0, 0.0, 0.0, 0.0, 0.0, 0.0, 0.0, 0.0, 0.0, 0.0, 0.0, 0.0, 0.0, 0.0, 0.0, 0.0, 0.0, 0.0, 0.0, 0.0, 0.0, 0.0, 0.0, 0.0, 0.0, 0.0, 0.0, 0.0, 0.0, 0.0, 0.0, 0.0, 0.0, 0.0, 0.0, 0.0, 0.0, 0.0, 0.0, 0.0, 0.0, 0.0, 0.0, 0.0, 0.0, 0.0, 0.0, 0.0, 0.0, 0.0, 0.0, 0.0, 0.0, 0.0, 0.0, 0.0, 0.0, 0.0, 0.0, 0.0, 0.0, 0.0, 0.0, 0.0, 0.0, 0.0, 0.0, 0.0, 0.0, 0.0, 0.0, 0.0, 0.0, 0.0, 0.0, 0.0, 0.0, 0.0, 0.0, 0.0, 0.0, 0.0, 0.0, 0.0, 0.0, 0.0, 0.0, 0.0, 0.0, 0.0, 0.0, 0.0, 0.0, 0.0, 0.0, 0.0, 0.0, 0.0, 0.0, 0.0, 0.0, 0.0, 0.0, 0.0, 0.0, 0.0, 0.0, 0.0, 0.0, 0]

Algorithm 10: Exact_Baseline
--------------------------
Candidates Set: {(3, 4, 7, 8, 9, 13, 15, 19): 0.9767857142857141, (2, 3, 6, 8, 12, 15, 18, 19): 0.9392857142857143, (4, 5, 6, 7, 10, 13, 14, 15): 0.9267857142857143, (3, 5, 6, 10, 12, 14, 17, 18): 0.8482142857142856, (2, 3, 5, 6, 11, 12, 14, 17): 1.0053571428571428, (3, 4, 7, 8, 9, 13, 15, 16): 0.9624999999999999, (2, 3, 6, 8, 9, 11, 12, 14): 1.0464285714285715, (2, 3, 4, 8, 9, 12, 16, 17): 1.0982142857142856, (4, 7, 9, 10, 11, 13, 14, 17): 0.9267857142857142, (0, 2, 4, 5, 10, 16, 17, 18): 0.857142857142857, (3, 5, 8, 9, 10, 14, 16, 17): 0.9196428571428573, (1, 2, 6, 7, 8, 9, 14, 19): 1.157142857142857, (1, 2, 4, 5, 6, 11, 12, 16): 1.0553571428571429, (4, 5, 6, 10, 14, 16, 17, 18): 0.9107142857142858, (2, 3, 11, 12, 16, 17, 18, 19): 0.9178571428571429, (1, 2, 5, 8, 10, 11, 15, 17): 1.0875, (3, 4, 7, 10, 13, 16, 17, 19): 0.905357142857143, (3, 8, 9, 11, 13, 15, 16, 17): 1.0142857142857142, (0, 1, 4, 6, 8, 11, 12, 13): 1.15, (1, 2, 3, 5, 6, 9, 12, 13): 1.0142857142857142, (3, 4, 6, 10, 11, 12, 14, 16): 0.9946428571428572, (0, 3, 4, 5, 13, 15, 17, 19): 0.9624999999999999, (2, 3, 6, 9, 10, 11, 16, 17): 0.9964285714285714, (1, 4, 5, 6, 7, 10, 12, 18): 0.9035714285714286, (1, 2, 4, 8, 9, 14, 17, 19): 1.1625, (1, 2, 7, 8, 9, 10, 16, 18): 1.0107142857142857, (0, 3, 10, 11, 14, 15, 16, 17): 0.8446428571428573, (8, 9, 10, 12, 13, 15, 16, 19): 0.9321428571428572, (0, 2, 10, 11, 12, 13, 14, 15): 0.9678571428571427, (2, 6, 8, 10, 14, 15, 17, 18): 0.9696428571428573, (0, 3, 4, 9, 12, 14, 15, 16): 0.8660714285714285, (1, 2, 4, 5, 7, 9, 15, 16): 0.9732142857142856, (3, 5, 8, 12, 13, 15, 17, 19): 0.9732142857142858, (0, 2, 4, 8, 13, 14, 15, 19): 1.0803571428571428, (5, 7, 8, 10, 11, 13, 14, 18): 0.9125000000000001, (3, 6, 7, 9, 11, 14, 16, 19): 0.9375, (0, 1, 2, 6, 13, 14, 15, 17): 1.0410714285714284, (0, 1, 2, 4, 9, 11, 12, 14): 1.1125, (0, 7, 9, 10, 12, 15, 16, 18): 0.6910714285714286, (1, 2, 4, 5, 7, 8, 9, 14): 1.0374999999999999, (1, 5, 6, 11, 14, 15, 16, 18): 0.8928571428571428, (1, 3, 4, 6, 7, 8, 16, 19): 1.125, (1, 3, 4, 6, 8, 14, 15, 17): 1.0660714285714286, (1, 2, 9, 10, 13, 15, 18, 19): 1.0232142857142859, (4, 7, 8, 11, 12, 14, 16, 19): 1.025, (3, 6, 8, 11, 13, 14, 15, 18): 0.9910714285714286, (7, 9, 12, 14, 15, 16, 17, 19): 0.8392857142857144, (1, 4, 7, 8, 11, 12, 16, 18): 0.9928571428571428, (0, 3, 8, 10, 12, 16, 17, 19): 0.9267857142857143, (3, 5, 8, 14, 15, 16, 17, 18): 0.9017857142857142, (5, 6, 8, 10, 13, 15, 16, 17): 1.0357142857142858, (0, 2, 7, 8, 12, 16, 17, 19): 1.060714285714286, (1, 3, 4, 6, 11, 14, 15, 19): 1.1410714285714285, (0, 2, 3, 6, 14, 15, 16, 18): 0.8321428571428571, (3, 6, 7, 9, 10, 11, 13, 18): 0.9214285714285714, (0, 4, 5, 8, 9, 10, 15, 16): 0.8500000000000001, (0, 1, 5, 6, 7, 10, 11, 19): 1.130357142857143, (0, 8, 9, 11, 13, 14, 16, 17): 0.9910714285714286, (0, 4, 7, 10, 15, 16, 17, 18): 0.7571428571428571, (0, 4, 8, 12, 14, 16, 17, 19): 0.9821428571428572, (5, 6, 14, 15, 16, 17, 18, 19): 0.8714285714285714, (0, 1, 9, 11, 13, 14, 17, 18): 0.9482142857142857, (0, 8, 9, 10, 12, 14, 16, 17): 0.8089285714285714, (2, 3, 6, 7, 9, 10, 13, 16): 0.9375, (1, 2, 3, 5, 6, 8, 14, 19): 1.1500000000000001, (0, 3, 5, 8, 11, 15, 18, 19): 0.9553571428571428, (0, 2, 5, 6, 7, 9, 13, 17): 1.0375, (0, 1, 3, 5, 6, 7, 14, 15): 0.9660714285714285, (0, 1, 4, 7, 10, 11, 13, 16): 0.9482142857142856, (1, 3, 11, 12, 13, 14, 15, 17): 0.95, (4, 5, 6, 10, 11, 13, 16, 19): 1.0553571428571429, (4, 7, 8, 10, 15, 16, 17, 19): 0.9982142857142857, (3, 4, 6, 9, 11, 17, 18, 19): 1.0017857142857143, (0, 1, 3, 7, 13, 15, 17, 19): 0.9535714285714285, (2, 6, 7, 9, 11, 12, 15, 17): 1.0642857142857143, (3, 4, 7, 13, 15, 16, 18, 19): 0.844642857142857, (0, 1, 6, 8, 9, 10, 12, 18): 0.9678571428571427, (0, 1, 4, 6, 8, 9, 13, 18): 1.0374999999999999, (2, 5, 7, 9, 10, 14, 15, 18): 0.8517857142857144, (0, 2, 7, 12, 15, 16, 18, 19): 0.8107142857142857, (0, 2, 4, 6, 9, 14, 17, 19): 1.0482142857142858, (2, 4, 5, 7, 10, 13, 17, 18): 0.8892857142857142, (2, 3, 7, 8, 9, 10, 14, 17): 0.9589285714285714, (1, 4, 5, 7, 8, 11, 17, 19): 1.1589285714285715, (0, 2, 9, 13, 14, 15, 16, 19): 0.9821428571428571, (0, 7, 10, 14, 16, 17, 18, 19): 0.7678571428571428, (1, 3, 6, 7, 9, 14, 15, 18): 0.8499999999999999, (1, 7, 8, 13, 15, 17, 18, 19): 1.0339285714285715, (1, 2, 4, 6, 7, 13, 16, 19): 1.123214285714286, (2, 10, 11, 14, 15, 16, 18, 19): 0.9410714285714286, (1, 4, 5, 7, 9, 11, 12, 16): 0.9571428571428571, (6, 8, 13, 15, 16, 17, 18, 19): 1.0125000000000002, (1, 2, 5, 9, 11, 13, 15, 17): 1.1196428571428572, (0, 1, 6, 8, 11, 13, 18, 19): 1.155357142857143, (1, 2, 4, 9, 10, 15, 18, 19): 1.0696428571428573, (2, 6, 8, 10, 13, 14, 18, 19): 0.9982142857142858, (0, 5, 8, 9, 10, 12, 17, 19): 0.9571428571428571, (0, 2, 4, 7, 8, 12, 13, 17): 1.0464285714285713, (0, 1, 6, 10, 13, 15, 16, 18): 0.8767857142857144, (5, 9, 10, 11, 13, 15, 17, 19): 1.0642857142857143}
Execution Time: 729.5580 seconds
API Calls: 1275
Entropy (dep) over time: (0, None)

Algorithm 11: Naive
-----------------
Candidates Set: {(1, 4, 5, 7, 8, 11, 17, 19): (1.161, 1.159)}
Execution Time: 134.7960 seconds
API Calls: 237
Entropy (dep) over time: []

Algorithm 12: Max_Prob
--------------------
Candidates Set: {(1, 4, 5, 7, 8, 11, 17, 19): (1.161, 1.159)}
Execution Time: 391.6884 seconds
API Calls: 200
Entropy (dep) over time: [0.996, 0.007, 0.001, 1.135, 0.939, 0.756, 0.556, 0.01, 0.0, 0.151, 0.03, 0.725, 0.609, 0.196, 1.002, 1.233, 1.168, 0.906, 0.295, 0.659, 0.015, 0.0, 0.034, 0.001, 0.0, 0.001, 0.0, 0.002, 0.0, 0.0, 0.0, 0.0, 0.0, 0.0, 0.0, 0.0, 0.0, 0.0, 0.0, 0.0, 0.0, 0.0, 0.0, 0.0, 0.0, 0.945, 0.0, 0.0, 0.0, 0.0, 0.0, 0.0, 0.0, 0.0, 0.0, 0.0, 0.92, 0.0, 0.0, 0.0, 0.0, 0.0, 0.0, 0.0, 0.0, 0.0, 0.0, 0.0, 0.0, 0.0, 0.0, 0.0, 0.0, 0.0, 0.0, 0.0, 0.0, 0.992, 0.999, 0.0, 0.0, 0.0, 0.0, 0.0, 0.0, 0.0, 0.0, 0.0, 0.0, 0.0, 0.0, 0.0, 0.0, 0.0, 0.0, 0.0, 0.0, 0.0, 0.0, 0.0, 0.0, 0.0, 0.0, 0.0, 0.0, 0.0, 0.0, 0.0, 0.0, 0.0, 0.0, 0.0, 0.0, 0.0, 0.0, 0.0, 0.0, 0.0, 0.0, 0.0, 0.0, 0.0, 0.0, 0.0, 0.0, 0.0, 0.0, 0.0, 0.0, 0.0, 0.0, 0.0, 0.0, 0.0, 0.0, 0.0, 0.0, 0.0, 0.989, 0.0, 0.0, 0.0, 0.0, 0.0, 0.0, 0.0, 0.0, 0.0, 0.0, 0.0, 0]

Algorithm 13: Exact_Baseline
--------------------------
Candidates Set: {(2, 3, 4, 6, 7, 8, 10, 12, 15, 18): 0.9677777777777777, (1, 3, 4, 7, 9, 13, 15, 17, 18, 19): 0.9133333333333333, (0, 1, 3, 4, 7, 9, 13, 14, 18, 19): 0.8955555555555557, (1, 3, 4, 6, 7, 9, 10, 11, 12, 18): 1.0211111111111109, (1, 3, 4, 7, 9, 11, 12, 15, 17, 18): 0.9544444444444444, (5, 8, 9, 10, 11, 12, 13, 16, 17, 19): 1.0344444444444445, (2, 4, 5, 7, 8, 9, 13, 14, 16, 19): 1.0677777777777777, (1, 2, 3, 6, 8, 11, 14, 16, 17, 18): 1.0211111111111109, (0, 1, 2, 3, 8, 10, 11, 12, 13, 16): 1.041111111111111, (1, 2, 3, 5, 7, 8, 12, 13, 16, 19): 1.05, (0, 2, 4, 6, 7, 11, 13, 14, 15, 19): 1.0722222222222224, (0, 2, 3, 6, 10, 11, 13, 15, 16, 19): 1.0011111111111108, (2, 3, 4, 6, 7, 9, 11, 14, 16, 17): 0.9955555555555554, (0, 2, 4, 5, 6, 12, 14, 15, 16, 17): 0.9577777777777777, (0, 1, 3, 5, 6, 7, 9, 10, 13, 15): 0.9366666666666665, (1, 3, 4, 5, 7, 8, 9, 13, 17, 19): 1.0433333333333332, (0, 2, 3, 5, 6, 8, 10, 13, 17, 19): 1.0544444444444445, (0, 1, 4, 5, 6, 8, 12, 13, 14, 19): 1.0544444444444445, (0, 1, 3, 6, 9, 11, 12, 17, 18, 19): 0.9722222222222221, (0, 1, 4, 5, 8, 9, 11, 14, 17, 19): 1.1266666666666665, (0, 2, 4, 5, 6, 9, 10, 11, 12, 17): 1.0299999999999998, (0, 1, 2, 3, 10, 11, 14, 15, 18, 19): 1.0333333333333334, (1, 4, 8, 9, 10, 12, 13, 17, 18, 19): 1.018888888888889, (1, 2, 3, 5, 6, 8, 9, 11, 17, 18): 1.0655555555555556, (0, 1, 2, 4, 6, 7, 9, 15, 18, 19): 1.0077777777777779, (0, 3, 4, 11, 12, 13, 14, 16, 18, 19): 0.8877777777777778, (1, 2, 3, 8, 10, 11, 12, 13, 15, 18): 1.03, (0, 1, 4, 5, 9, 10, 12, 15, 17, 18): 0.8899999999999999, (2, 7, 8, 12, 13, 14, 15, 16, 17, 18): 0.9022222222222221, (2, 3, 5, 6, 7, 12, 14, 16, 17, 19): 0.971111111111111, (0, 1, 3, 4, 5, 10, 11, 14, 16, 18): 0.9600000000000001, (4, 7, 8, 9, 10, 11, 14, 15, 17, 19): 1.0188888888888892, (0, 1, 5, 6, 7, 8, 11, 17, 18, 19): 1.0799999999999998, (0, 1, 2, 3, 5, 6, 10, 14, 18, 19): 0.991111111111111, (2, 3, 4, 6, 7, 11, 12, 14, 18, 19): 0.9977777777777778, (2, 5, 6, 8, 9, 10, 12, 14, 15, 17): 0.9733333333333332, (1, 2, 4, 7, 12, 13, 15, 16, 17, 19): 1.0355555555555556, (2, 4, 5, 6, 9, 10, 11, 14, 15, 16): 1.0077777777777777, (1, 3, 4, 7, 8, 9, 12, 15, 16, 17): 0.971111111111111, (0, 2, 3, 7, 9, 11, 13, 15, 16, 18): 0.8911111111111112, (0, 1, 2, 3, 4, 6, 8, 9, 14, 15): 1.0733333333333333, (0, 1, 2, 3, 4, 9, 12, 14, 16, 19): 1.0455555555555556, (0, 1, 3, 4, 7, 11, 14, 16, 17, 19): 0.9877777777777778, (0, 1, 5, 8, 9, 10, 14, 15, 16, 18): 0.8588888888888887, (2, 3, 4, 7, 8, 9, 10, 15, 16, 19): 1.031111111111111, (0, 1, 7, 8, 10, 12, 13, 14, 17, 19): 0.9433333333333334, (1, 4, 5, 8, 9, 10, 14, 15, 17, 19): 1.021111111111111, (1, 2, 3, 4, 5, 11, 12, 13, 14, 16): 1.0255555555555556, (0, 1, 4, 5, 8, 10, 12, 14, 15, 19): 0.9744444444444444, (0, 5, 6, 9, 12, 13, 14, 15, 17, 19): 0.94, (1, 2, 5, 10, 11, 13, 14, 16, 17, 19): 1.051111111111111, (2, 3, 4, 5, 9, 10, 11, 14, 15, 17): 1.0111111111111108, (0, 1, 2, 9, 10, 11, 12, 16, 18, 19): 1.0199999999999998, (0, 1, 3, 4, 6, 7, 8, 12, 15, 16): 0.98, (2, 3, 5, 9, 10, 13, 14, 15, 17, 18): 0.9000000000000001, (0, 1, 5, 7, 8, 9, 11, 12, 16, 18): 0.8888888888888887, (2, 5, 6, 7, 8, 9, 12, 14, 15, 16): 0.9344444444444442, (0, 2, 4, 6, 7, 10, 14, 15, 17, 18): 0.8777777777777777, (1, 2, 6, 8, 10, 11, 13, 15, 17, 18): 1.1133333333333333, (0, 2, 3, 6, 7, 8, 9, 12, 13, 17): 1.008888888888889, (0, 4, 6, 7, 8, 10, 11, 12, 15, 18): 0.9266666666666665, (1, 3, 5, 6, 7, 12, 13, 16, 17, 19): 0.9444444444444445, (1, 2, 3, 5, 7, 9, 11, 12, 17, 19): 1.0477777777777777, (2, 3, 5, 6, 8, 9, 14, 16, 17, 19): 1.0455555555555556, (1, 3, 4, 6, 9, 10, 11, 13, 16, 18): 1.0033333333333334, (1, 3, 4, 8, 11, 13, 14, 16, 18, 19): 1.05, (1, 2, 5, 11, 12, 13, 14, 16, 18, 19): 0.9355555555555555, (0, 2, 3, 4, 5, 8, 9, 10, 14, 15): 0.9777777777777779, (0, 2, 3, 5, 6, 7, 12, 13, 15, 18): 0.8811111111111111, (1, 4, 8, 9, 10, 11, 13, 14, 17, 18): 1.0355555555555556, (0, 1, 2, 6, 7, 8, 10, 12, 15, 18): 0.9655555555555555, (1, 2, 3, 4, 8, 10, 12, 13, 17, 19): 1.0811111111111114, (1, 3, 4, 9, 10, 11, 12, 13, 14, 15): 1.0111111111111108, (0, 1, 4, 6, 8, 10, 11, 12, 17, 19): 1.1344444444444444, (2, 5, 7, 11, 12, 14, 15, 16, 17, 19): 0.9644444444444444, (3, 4, 5, 6, 8, 11, 12, 14, 18, 19): 0.9855555555555555, (0, 1, 2, 4, 6, 7, 10, 15, 17, 18): 0.9444444444444444, (1, 6, 7, 9, 10, 11, 14, 15, 16, 19): 1.021111111111111, (0, 2, 4, 5, 8, 12, 13, 14, 15, 16): 0.9788888888888889, (4, 7, 8, 9, 12, 13, 14, 17, 18, 19): 0.9144444444444445, (0, 1, 3, 4, 7, 8, 13, 15, 18, 19): 0.9944444444444446, (3, 7, 8, 9, 11, 12, 13, 14, 16, 18): 0.8566666666666666, (1, 2, 4, 5, 8, 12, 13, 14, 15, 19): 1.0577777777777777, (1, 5, 6, 7, 9, 11, 12, 13, 14, 19): 1.0033333333333334, (0, 4, 5, 10, 11, 12, 13, 14, 15, 17): 0.9455555555555556, (0, 1, 3, 5, 6, 7, 10, 14, 15, 17): 0.9277777777777776, (1, 4, 8, 9, 10, 12, 14, 15, 16, 19): 0.9822222222222222, (0, 8, 9, 10, 12, 13, 14, 15, 16, 19): 0.87, (3, 4, 6, 7, 9, 11, 13, 14, 15, 16): 0.9388888888888887, (1, 3, 5, 6, 8, 9, 10, 16, 17, 18): 0.9722222222222221, (2, 4, 5, 6, 8, 9, 12, 13, 14, 15): 1.031111111111111, (0, 2, 4, 5, 7, 8, 10, 12, 14, 18): 0.8555555555555554, (0, 3, 5, 7, 8, 9, 16, 17, 18, 19): 0.9266666666666665, (0, 5, 7, 10, 11, 12, 13, 14, 17, 18): 0.8388888888888889, (1, 3, 4, 7, 9, 11, 12, 13, 18, 19): 0.9855555555555555, (0, 1, 4, 6, 7, 8, 10, 16, 18, 19): 1.0166666666666666, (0, 1, 4, 7, 8, 9, 15, 17, 18, 19): 0.9866666666666666, (0, 2, 3, 5, 9, 10, 11, 12, 15, 19): 0.9855555555555555, (2, 3, 4, 6, 8, 11, 12, 14, 17, 19): 1.0966666666666667, (2, 3, 4, 7, 10, 11, 13, 14, 17, 18): 0.9144444444444444}
Execution Time: 729.5598 seconds
API Calls: 1275
Entropy (dep) over time: (0, None)

Algorithm 14: Naive
-----------------
Candidates Set: {(0, 1, 4, 6, 8, 10, 11, 12, 17, 19): (1.13, 1.153)}
Execution Time: 133.2374 seconds
API Calls: 234
Entropy (dep) over time: []

Algorithm 15: Max_Prob
--------------------
Candidates Set: {(0, 1, 4, 6, 8, 10, 11, 12, 17, 19): (1.134, 1.135)}
Execution Time: 424.7550 seconds
API Calls: 216
Entropy (dep) over time: [0.011, 0.0, 0.001, 1.019, 0.18, 0.001, 0.002, 0.076, 0.052, 0.001, 0.0, 0.0, 0.0, 0.0, 0.012, 0.007, 0.024, 0.0, 0.0, 0.0, 0.0, 0.0, 0.0, 0.0, 0.0, 0.002, 0.003, 0.017, 0.069, 0.619, 1.034, 0.09, 0.0, 0.0, 0.0, 0.0, 0.0, 0.0, 0.0, 0.0, 0.0, 0.0, 0.0, 0.0, 0.0, 0.0, 0.0, 0.0, 0.0, 0.0, 0.0, 0.0, 0.0, 0.0, 0.0, 0.0, 0.0, 0.0, 0.0, 0.0, 0.0, 0.0, 0.0, 0.0, 0.0, 0.0, 0.0, 0.0, 0.0, 0.0, 0.0, 0.0, 0.0, 0.0, 0.0, 0.0, 0.0, 0.0, 0.0, 0.0, 0.0, 0.0, 0.0, 0.0, 0.0, 0.0, 0.0, 0.0, 0.0, 0.0, 0.0, 0.0, 0.0, 0.0, 0.0, 0.0, 0.0, 0.0, 0.0, 0.0, 0.0, 0.0, 0.0, 0.0, 0.0, 0.0, 0.0, 0.0, 0.0, 0.0, 0.0, 0.0, 0.0, 0.0, 0.0, 0.0, 0.0, 0.0, 0.0, 0.0, 0.0, 0.0, 0.0, 0.0, 0.0, 0.0, 0.0, 0.0, 0.0, 0.0, 0.0, 0.0, 0.0, 0.0, 0.0, 0.0, 0.0, 0.0, 0.0, 0.0, 0.0, 0.0, 0.0, 0.0, 0.0, 0.0, 0.0, 0.0, 0.0, 0.0, 0.0, 0.0, 0.0, 0.0, 0.0, 0.0, 0.0, 0.0, 0.0, 1.0, 1.0, 1.0, 0.0, 0.0, 1.0, 1.0, 0]

