Experiment Results
==================

Algorithm 1: Exact_Baseline
--------------------------
Candidates Set: {(0, 1, 2): 1.2666666666666666, (0, 1, 3): 1.5333333333333332, (0, 1, 4): 1.2, (0, 1, 5): 1.0, (0, 1, 6): 0.9333333333333333, (0, 1, 7): 1.4666666666666668, (0, 2, 3): 1.1, (0, 2, 4): 0.9333333333333333, (0, 2, 5): 0.7666666666666666, (0, 2, 6): 0.7666666666666667, (0, 2, 7): 1.3333333333333333, (0, 3, 4): 0.8666666666666666, (0, 3, 5): 0.6666666666666666, (0, 3, 6): 0.8, (0, 3, 7): 1.2, (0, 4, 5): 0.43333333333333335, (0, 4, 6): 0.5666666666666667, (0, 4, 7): 1.0, (0, 5, 6): 0.4333333333333334, (0, 5, 7): 1.0333333333333332, (0, 6, 7): 1.0999999999999999, (1, 2, 3): 1.2, (1, 2, 4): 1.0999999999999999, (1, 2, 5): 0.7333333333333333, (1, 2, 6): 0.7666666666666666, (1, 2, 7): 1.0666666666666667, (1, 3, 4): 1.4, (1, 3, 5): 1.0, (1, 3, 6): 1.1666666666666667, (1, 3, 7): 1.3, (1, 4, 5): 0.8333333333333333, (1, 4, 6): 1.0, (1, 4, 7): 1.1666666666666667, (1, 5, 6): 0.6666666666666666, (1, 5, 7): 1.0, (1, 6, 7): 1.1, (2, 3, 4): 1.0, (2, 3, 5): 0.6333333333333333, (2, 3, 6): 0.8666666666666666, (2, 3, 7): 1.0333333333333332, (2, 4, 5): 0.6333333333333333, (2, 4, 6): 0.8666666666666667, (2, 4, 7): 1.0666666666666667, (2, 5, 6): 0.5666666666666667, (2, 5, 7): 0.9333333333333333, (2, 6, 7): 1.1, (3, 4, 5): 0.5666666666666667, (3, 4, 6): 0.9333333333333333, (3, 4, 7): 0.9666666666666668, (3, 5, 6): 0.6, (3, 5, 7): 0.8, (3, 6, 7): 1.1, (4, 5, 6): 0.5333333333333333, (4, 5, 7): 0.7666666666666666, (4, 6, 7): 1.0666666666666667, (5, 6, 7): 0.9666666666666668}
Execution Time: 0.0033 seconds
API Calls: 28
Discrete Entropy (dep) over time: 0

Algorithm 2: Naive
-----------------
Candidates Set: {(0, 1, 3): (1.5333333333333332, 1.5333333333333334)}
Execution Time: 63.8966 seconds
API Calls: 28
Discrete Entropy (dep) over time: [29.7094, 29.6654, 29.5273, 29.4096, 29.1811, 28.389, 28.083, 27.5233, 27.2792, 24.385, 22.3611, 21.5726, 20.2381, 19.0105, 17.9604, 14.4305, 12.3904, 6.906, 6.8948, 5.8835, 5.0353, 3.349, 2.8378, 2.3907, 1.9435, 1.629, 1.629, 0.8145, 0.5, 0.5, 0, 0, 0, 0, 0, 0, 0, 0]

Algorithm 3: Min_Uncertainty
---------------------------
Candidates Set: {(0, 1, 3): (1.5333333333333332, 1.5333333333333334)}
Execution Time: 31.2443 seconds
API Calls: 18
Discrete Entropy (dep) over time: [27.2792, 26.7946, 26.6367, 25.9408, 25.8718, 25.3907, 24.7235, 24.5716, 23.2303, 23.25, 22.9166, 22.0366, 16.6742, 7.9848, 6.5751, 4.8563, 3.4015, 1.1863, 0]

Algorithm 4: Lowest_Overlap
--------------------------
Candidates Set: {(0, 1, 3): (1.5333333333333332, 1.5333333333333334)}
Execution Time: 21.9068 seconds
API Calls: 16
Discrete Entropy (dep) over time: [27.2792, 27.8437, 26.7893, 26.6965, 20.8269, 5.4473, 4.936, 4.8899, 4.0149, 3.6399, 2.4937, 2.0927, 1.6916, 1.2444, 0.8145, 0.5, 0]

