Experiment Results
==================

Algorithm 1: Exact_Baseline
--------------------------
Candidates Set: {(3, 8): 1.9, (5, 36): 1.5, (13, 45): 1.5, (0, 10): 1.2, (24, 26): 0.45, (44, 48): 0.6, (40, 49): 0.55, (35, 48): 1.3, (15, 40): 0.35, (5, 7): 0.44999999999999996, (6, 37): 1.6, (36, 38): 1.4, (6, 10): 1.75, (30, 40): 0.9, (5, 28): 1.1, (28, 45): 0.95, (26, 43): 0.7, (23, 31): 0.6499999999999999, (14, 16): 0.4, (10, 35): 1.5, (2, 46): 0.75, (7, 43): 0.15000000000000002, (7, 37): 0.45, (21, 23): 1.25, (21, 40): 1.0499999999999998, (18, 48): 0.7, (1, 30): 0.5, (32, 34): 1.05, (1, 39): 0.30000000000000004, (21, 33): 0.75, (0, 5): 1.45, (23, 36): 1.5, (7, 12): 0.55, (43, 44): 0.55, (14, 45): 0.45, (22, 40): 0.65, (3, 35): 0.95, (5, 9): 0.7, (7, 10): 0.39999999999999997, (46, 47): 0.5, (16, 32): 1.3, (2, 28): 1.1500000000000001, (7, 8): 1.15, (17, 40): 1.15, (10, 32): 1.25, (16, 33): 0.7999999999999999, (0, 6): 1.55, (26, 48): 0.25, (0, 31): 1.2999999999999998, (1, 8): 0.8, (20, 43): 0.5, (15, 21): 0.7, (22, 23): 1.55, (8, 36): 1.4, (4, 33): 0.8999999999999999, (9, 46): 0.5, (27, 44): 1.15, (7, 38): 1.35, (20, 36): 1.6, (19, 38): 1.1, (26, 27): 0.30000000000000004, (10, 49): 0.9, (36, 41): 0.8, (28, 40): 1.5, (35, 42): 1.25, (2, 38): 1.05, (11, 13): 1.4, (23, 30): 1.2, (25, 30): 0.6000000000000001, (24, 45): 0.8999999999999999, (6, 13): 1.55, (34, 42): 0.75, (41, 48): 1.05, (19, 25): 1.2, (10, 21): 1.1, (4, 44): 0.85, (6, 12): 1.4, (10, 14): 1.0499999999999998, (23, 24): 1.15, (4, 16): 0.8, (27, 31): 1.35, (15, 20): 1.05, (16, 22): 0.55, (9, 15): 0.75, (18, 28): 1.85, (21, 28): 1.4500000000000002, (25, 46): 1.1, (0, 30): 1.15, (10, 47): 1.25, (2, 34): 0.9, (2, 6): 0.8500000000000001, (4, 26): 0.8, (26, 30): 0.9, (15, 24): 0.8999999999999999, (2, 43): 1.35, (9, 18): 0.55, (23, 41): 0.7999999999999999, (2, 27): 1.15, (39, 44): 0.8500000000000001, (35, 44): 1.2}
Execution Time: 737.5806 seconds
API Calls: 1275
Entropy (dep) over time: (0, None)

Algorithm 2: Naive
-----------------
Candidates Set: {(3, 8): (1.9, 1.9)}
Execution Time: 227.8598 seconds
API Calls: 387
Entropy (dep) over time: []

Algorithm 3: Max_Prob
--------------------
Candidates Set: {(3, 8): (1.9, 1.9)}
Execution Time: 40.4030 seconds
API Calls: 51
Entropy (dep) over time: [1.588, 0]

Algorithm 4: Exact_Baseline
--------------------------
Candidates Set: {(4, 10, 22, 36): 1.4166666666666665, (5, 20, 28, 34): 1.3416666666666668, (23, 33, 34, 39): 1.0416666666666665, (2, 5, 27, 29): 0.85, (0, 3, 24, 36): 1.05, (6, 7, 14, 24): 0.95, (14, 26, 27, 36): 0.8166666666666667, (15, 34, 35, 37): 0.9083333333333332, (2, 10, 30, 37): 1.4333333333333333, (9, 17, 20, 33): 0.8416666666666667, (7, 15, 23, 36): 1.1333333333333333, (5, 6, 17, 24): 1.1, (13, 24, 36, 38): 1.4166666666666665, (4, 8, 15, 24): 1.1, (14, 18, 22, 33): 0.7833333333333333, (6, 8, 9, 26): 1.05, (11, 14, 17, 31): 0.9083333333333333, (4, 5, 32, 39): 0.8333333333333333, (13, 29, 37, 38): 1.1833333333333333, (6, 8, 16, 19): 0.8833333333333333, (5, 20, 30, 34): 1.4916666666666667, (10, 16, 33, 39): 0.7583333333333333, (18, 19, 23, 36): 1.225, (11, 17, 28, 35): 0.8916666666666666, (0, 2, 21, 39): 1.0250000000000001, (14, 21, 27, 38): 0.9416666666666667, (2, 4, 8, 39): 1.2916666666666665, (31, 32, 36, 39): 1.0916666666666668, (0, 8, 28, 31): 1.2999999999999998, (0, 3, 28, 39): 1.2583333333333333, (9, 10, 18, 33): 0.8666666666666665, (5, 22, 24, 25): 0.8333333333333333, (3, 14, 31, 39): 1.225, (7, 13, 22, 27): 0.8583333333333334, (4, 23, 26, 38): 0.9000000000000001, (5, 14, 16, 18): 1.0083333333333333, (8, 18, 22, 33): 0.9333333333333333, (13, 18, 22, 35): 1.2333333333333334, (16, 27, 29, 34): 0.8999999999999999, (6, 10, 20, 28): 1.4249999999999998, (0, 7, 18, 19): 1.0583333333333333, (7, 23, 27, 30): 0.8583333333333334, (22, 24, 26, 32): 0.7666666666666666, (2, 32, 34, 38): 1.1166666666666667, (5, 13, 19, 36): 1.3250000000000002, (11, 29, 33, 38): 0.9833333333333334, (6, 22, 23, 37): 1.3916666666666666, (13, 18, 23, 35): 1.2249999999999999, (2, 3, 11, 28): 1.4833333333333332, (0, 4, 25, 35): 1.05, (2, 17, 31, 39): 1.025, (1, 4, 16, 32): 0.8833333333333333, (10, 22, 26, 37): 1.1833333333333333, (3, 9, 22, 25): 1.075, (20, 21, 35, 37): 1.1, (5, 23, 29, 38): 1.1583333333333332, (0, 1, 21, 23): 1.2166666666666668, (9, 23, 27, 30): 0.8833333333333334, (1, 13, 24, 31): 1.0583333333333333, (1, 14, 19, 23): 0.7833333333333334, (0, 2, 23, 30): 1.2, (6, 17, 20, 26): 0.9750000000000001, (0, 7, 8, 20): 0.9500000000000002, (11, 17, 22, 25): 1.0416666666666667, (19, 20, 31, 32): 1.2583333333333333, (1, 22, 37, 39): 0.9416666666666667, (9, 10, 13, 36): 1.4333333333333331, (12, 24, 25, 29): 0.8500000000000001, (1, 19, 22, 24): 0.9333333333333333, (3, 9, 20, 38): 0.95, (17, 26, 31, 33): 0.8333333333333334, (7, 16, 25, 37): 0.7083333333333334, (7, 17, 22, 35): 0.8666666666666667, (0, 17, 19, 20): 0.95, (5, 17, 24, 32): 0.9666666666666667, (15, 25, 35, 39): 0.6666666666666666, (21, 23, 32, 35): 0.95, (4, 18, 26, 33): 0.9583333333333333, (10, 20, 34, 36): 1.6333333333333333, (22, 23, 30, 38): 1.3249999999999997, (21, 22, 27, 37): 0.9333333333333333, (0, 5, 12, 18): 1.5499999999999998, (9, 13, 23, 30): 1.2583333333333333, (2, 30, 37, 38): 1.2916666666666667, (4, 18, 24, 31): 1.2416666666666667, (0, 2, 12, 24): 1.0916666666666668, (1, 5, 8, 22): 0.9916666666666667, (3, 9, 20, 30): 1.25, (13, 23, 32, 39): 1.0416666666666667, (3, 11, 13, 16): 1.2833333333333334, (0, 4, 18, 36): 1.2999999999999998, (20, 21, 26, 29): 0.75, (3, 15, 19, 35): 0.8833333333333333, (14, 15, 18, 32): 0.9333333333333333, (19, 23, 25, 30): 0.9, (0, 18, 19, 31): 1.3583333333333334, (2, 6, 34, 37): 1.2666666666666668, (11, 17, 31, 37): 0.9916666666666667, (5, 6, 24, 30): 1.3916666666666666, (19, 26, 27, 36): 1.05}
Execution Time: 737.5683 seconds
API Calls: 1275
Entropy (dep) over time: (0, None)

Algorithm 5: Naive
-----------------
Candidates Set: {(10, 20, 34, 36): (1.633, 1.634)}
Execution Time: 308.3043 seconds
API Calls: 522
Entropy (dep) over time: []

Algorithm 6: Max_Prob
--------------------
Candidates Set: {(10, 20, 34, 36): (1.633, 1.634)}
Execution Time: 156.4673 seconds
API Calls: 106
Entropy (dep) over time: [1.614, 0.052, 1.145, 0.054, 1.239, 0.079, 0.0, 0.0, 0.015, 0.318, 0.003, 0.095, 0.0, 0.0, 0.0, 0.0, 0.019, 0.807, 0.0, 0.0, 0.0, 0.0, 0.014, 0.127, 0.0, 0.0, 0.0, 0.0, 0.0, 0.0, 0.004, 0.62, 0.0, 0.0, 0.001, 0.0, 0.0, 0.0, 0.0, 0.0, 0.0, 0.0, 0.0, 0.002, 0.003, 0.005, 0.006, 0.016, 0.023, 0.029, 0.0, 0.0, 0.0, 0.0, 0.0, 0.0, 0]

Algorithm 7: Exact_Baseline
--------------------------
Candidates Set: {(2, 13, 14, 18, 20, 26): 0.9966666666666667, (1, 10, 13, 24, 26, 27): 0.8966666666666666, (4, 7, 12, 14, 19, 24): 0.8666666666666666, (4, 7, 8, 12, 13, 15): 1.21, (2, 12, 13, 20, 21, 27): 1.1833333333333331, (2, 6, 11, 13, 17, 25): 1.1866666666666665, (3, 8, 15, 22, 26, 28): 1.3466666666666667, (0, 5, 6, 8, 20, 28): 1.17, (5, 6, 16, 19, 22, 28): 1.13, (5, 9, 20, 21, 24, 25): 0.8, (1, 2, 12, 13, 15, 26): 1.336666666666667, (2, 4, 11, 15, 18, 24): 1.2233333333333332, (1, 5, 11, 16, 17, 28): 1.02, (1, 4, 6, 9, 20, 27): 0.9133333333333333, (1, 6, 14, 19, 23, 25): 0.8533333333333333, (7, 9, 15, 20, 21, 29): 0.7533333333333334, (2, 5, 10, 12, 19, 22): 1.4166666666666665, (1, 6, 12, 15, 27, 29): 1.0333333333333332, (2, 6, 12, 14, 19, 22): 1.2333333333333334, (2, 7, 9, 10, 13, 26): 1.0666666666666667, (1, 4, 5, 7, 9, 24): 0.7333333333333334, (1, 7, 13, 15, 21, 26): 1.0133333333333334, (11, 13, 15, 21, 22, 27): 0.97, (1, 8, 21, 22, 25, 27): 0.8333333333333333, (4, 7, 19, 20, 21, 29): 0.8233333333333334, (3, 5, 14, 16, 20, 25): 0.8799999999999999, (6, 7, 12, 18, 26, 27): 0.9666666666666667, (6, 8, 19, 23, 26, 29): 1.1233333333333335, (1, 7, 12, 15, 17, 27): 0.81, (0, 3, 4, 7, 18, 26): 1.1566666666666667, (4, 8, 10, 13, 22, 29): 1.2533333333333332, (1, 7, 9, 17, 22, 27): 0.7633333333333333, (1, 12, 13, 14, 20, 24): 1.0133333333333332, (2, 5, 7, 9, 18, 27): 0.77, (0, 14, 16, 22, 27, 29): 0.8433333333333333, (3, 7, 9, 12, 17, 25): 0.9466666666666665, (2, 5, 8, 19, 22, 25): 1.1733333333333333, (1, 5, 6, 8, 17, 27): 0.7700000000000001, (7, 11, 15, 16, 19, 26): 0.7566666666666666, (3, 5, 6, 14, 15, 20): 1.1099999999999999, (5, 17, 18, 22, 24, 25): 1.04, (0, 1, 11, 14, 21, 27): 0.73, (2, 6, 7, 20, 24, 28): 1.0566666666666666, (3, 9, 11, 14, 15, 27): 0.9133333333333333, (2, 3, 9, 11, 17, 26): 1.0633333333333335, (1, 3, 8, 15, 20, 27): 0.95, (7, 8, 11, 16, 20, 22): 0.9966666666666668, (7, 9, 13, 14, 15, 22): 1.0266666666666668, (13, 19, 22, 23, 26, 28): 1.1600000000000001, (4, 8, 10, 14, 15, 28): 1.08, (2, 3, 9, 18, 22, 23): 1.19, (6, 8, 14, 18, 19, 20): 0.99, (9, 11, 15, 18, 24, 25): 0.9466666666666665, (4, 5, 8, 21, 25, 27): 0.77, (9, 19, 23, 24, 26, 28): 0.9366666666666668, (0, 1, 2, 3, 8, 11): 1.19, (1, 3, 4, 14, 21, 26): 0.9766666666666668, (1, 5, 12, 16, 26, 27): 0.96, (1, 8, 13, 16, 21, 29): 1.0433333333333334, (4, 8, 9, 10, 12, 19): 1.0833333333333333, (1, 6, 10, 19, 21, 26): 1.0066666666666666, (1, 2, 11, 20, 22, 26): 1.1233333333333335, (4, 5, 9, 14, 17, 18): 0.9133333333333333, (20, 22, 23, 25, 27, 28): 0.8966666666666667, (2, 5, 10, 14, 15, 27): 1.0166666666666666, (7, 9, 12, 15, 17, 28): 0.8699999999999999, (2, 12, 14, 15, 18, 27): 1.1166666666666665, (3, 5, 22, 23, 24, 27): 1.1733333333333333, (9, 12, 15, 18, 20, 28): 1.1666666666666665, (2, 7, 13, 17, 19, 20): 1.0, (3, 6, 9, 14, 23, 29): 1.1433333333333333, (5, 7, 13, 20, 23, 26): 0.8866666666666667, (3, 10, 22, 23, 24, 29): 1.2, (10, 13, 18, 22, 26, 27): 1.0133333333333332, (4, 9, 14, 19, 24, 28): 0.7766666666666666, (4, 12, 20, 22, 26, 28): 1.2166666666666668, (5, 7, 11, 15, 27, 29): 0.7866666666666666, (1, 8, 10, 12, 16, 23): 1.1033333333333333, (1, 2, 19, 23, 24, 25): 0.9333333333333333, (0, 9, 11, 20, 24, 28): 0.9966666666666667, (1, 13, 19, 23, 27, 29): 0.9866666666666666, (7, 13, 15, 23, 24, 26): 0.9066666666666665, (10, 13, 15, 17, 24, 25): 0.99, (5, 8, 12, 23, 24, 25): 1.0366666666666666, (6, 9, 13, 16, 23, 24): 1.0066666666666668, (5, 10, 20, 21, 24, 28): 1.2433333333333332, (2, 5, 19, 21, 25, 27): 0.88, (2, 3, 4, 8, 10, 25): 1.3266666666666667, (1, 5, 10, 17, 21, 23): 0.9566666666666668, (7, 12, 13, 21, 22, 24): 1.17, (0, 6, 8, 19, 20, 25): 1.1166666666666667, (13, 14, 21, 24, 25, 29): 0.8800000000000001, (1, 4, 5, 15, 25, 28): 0.87, (0, 4, 5, 10, 16, 25): 0.9466666666666667, (11, 16, 18, 25, 26, 29): 0.8633333333333333, (6, 11, 12, 21, 22, 26): 1.2499999999999998, (0, 17, 18, 23, 24, 25): 0.9666666666666666, (0, 1, 4, 13, 20, 24): 1.0566666666666666, (7, 11, 12, 19, 23, 26): 0.98, (0, 7, 8, 9, 14, 22): 0.81}
Execution Time: 737.5704 seconds
API Calls: 1275
Entropy (dep) over time: (0, None)

Algorithm 8: Naive
-----------------
Candidates Set: {(2, 5, 10, 12, 19, 22): (1.416, 1.417)}
Execution Time: 249.2808 seconds
API Calls: 418
Entropy (dep) over time: []

Algorithm 9: Max_Prob
--------------------
Candidates Set: {(2, 5, 10, 12, 19, 22): (1.416, 1.417)}
Execution Time: 254.2381 seconds
API Calls: 185
Entropy (dep) over time: [2.307, 2.003, 0.007, 0.962, 0.977, 1.586, 0.043, 0.023, 0.0, 0.0, 0.0, 0.011, 0.01, 0.0, 0.0, 0.0, 0.0, 0.0, 0.0, 0.0, 0.001, 0.001, 0.249, 0.367, 0.0, 0.0, 0.0, 0.0, 0.0, 0.0, 0.0, 0.0, 0.0, 0.0, 0.0, 0.0, 0.0, 0.0, 0.0, 0.0, 0.0, 0.0, 0.0, 0.0, 0.0, 0.0, 0.0, 0.0, 0.0, 0.0, 0.0, 0.0, 0.0, 0.0, 0.0, 0.0, 0.0, 0.0, 0.0, 0.0, 0.0, 0.0, 0.0, 0.0, 0.0, 0.0, 0.0, 0.0, 0.0, 0.0, 0.0, 0.0, 0.0, 0.0, 0.0, 0.0, 0.0, 0.0, 0.0, 0.0, 0.0, 0.0, 0.0, 0.0, 0.0, 0.0, 0.0, 0.0, 0.0, 0.0, 0.0, 0.0, 0.0, 0.0, 0.0, 0.0, 0.0, 0.0, 0.0, 0.0, 0.0, 0.0, 0.0, 0.0, 0.0, 0.0, 0.0, 0.0, 0.0, 0.0, 0.0, 0.0, 0.0, 0.0, 0.0, 0.0, 0.0, 0.0, 0.0, 0.0, 0.0, 0.0, 0.0, 0.0, 0.0, 0.0, 0.0, 0.0, 0.0, 0.0, 0.0, 0.0, 0.0, 0.0, 0.0, 0]

Algorithm 10: Exact_Baseline
--------------------------
Candidates Set: {(0, 6, 8, 9, 12, 13, 16, 19): 1.1250000000000002, (0, 5, 8, 11, 12, 17, 18, 19): 1.1714285714285717, (0, 3, 4, 5, 6, 8, 13, 15): 1.2410714285714286, (2, 3, 4, 6, 9, 10, 11, 19): 1.2482142857142857, (0, 7, 11, 12, 13, 15, 16, 17): 1.0071428571428571, (0, 4, 5, 11, 12, 15, 17, 19): 1.0464285714285713, (1, 2, 3, 4, 6, 7, 8, 13): 1.248214285714286, (1, 6, 7, 8, 9, 12, 18, 19): 1.0035714285714286, (1, 2, 3, 4, 5, 13, 14, 18): 1.155357142857143, (0, 1, 7, 8, 9, 10, 12, 17): 0.9464285714285714, (0, 2, 5, 6, 7, 10, 18, 19): 1.1410714285714287, (1, 4, 7, 10, 11, 12, 13, 19): 1.1142857142857143, (0, 2, 4, 10, 12, 15, 16, 17): 1.0339285714285715, (1, 4, 6, 7, 8, 10, 17, 18): 1.067857142857143, (1, 2, 7, 8, 11, 14, 15, 19): 0.9714285714285713, (0, 7, 8, 9, 11, 15, 17, 18): 0.9428571428571428, (1, 4, 6, 14, 15, 16, 18, 19): 0.9142857142857144, (1, 2, 7, 8, 9, 15, 16, 19): 0.8910714285714285, (4, 6, 7, 8, 11, 15, 16, 19): 0.9482142857142857, (3, 5, 9, 12, 13, 14, 18, 19): 1.2142857142857144, (1, 2, 4, 9, 13, 14, 18, 19): 1.0517857142857143, (0, 5, 6, 7, 9, 10, 11, 12): 1.175, (2, 9, 10, 11, 12, 15, 18, 19): 1.2732142857142859, (2, 5, 6, 8, 10, 11, 13, 18): 1.3696428571428574, (4, 9, 10, 12, 13, 15, 16, 17): 1.025, (0, 4, 7, 8, 9, 10, 16, 19): 0.8553571428571429, (1, 3, 7, 9, 13, 16, 17, 18): 0.9750000000000001, (0, 8, 9, 10, 11, 12, 13, 19): 1.2000000000000002, (5, 8, 9, 11, 12, 15, 17, 19): 1.0517857142857143, (8, 9, 10, 12, 14, 15, 17, 19): 1.0232142857142856, (3, 5, 6, 9, 11, 14, 17, 19): 1.0250000000000001, (0, 2, 5, 8, 10, 13, 15, 18): 1.3607142857142858, (2, 5, 7, 8, 10, 16, 17, 19): 0.9392857142857145, (3, 6, 7, 9, 14, 15, 17, 19): 0.9089285714285713, (2, 5, 7, 11, 12, 15, 18, 19): 1.2053571428571428, (2, 4, 6, 8, 10, 14, 17, 19): 1.0660714285714286, (2, 4, 6, 10, 12, 13, 14, 18): 1.3750000000000002, (3, 4, 5, 10, 12, 13, 18, 19): 1.3267857142857147, (0, 1, 2, 6, 13, 14, 17, 18): 1.0589285714285714, (3, 7, 9, 10, 11, 14, 15, 18): 1.0339285714285715, (0, 2, 8, 10, 11, 12, 18, 19): 1.3339285714285716, (0, 1, 2, 3, 5, 12, 15, 18): 1.3, (1, 3, 7, 8, 9, 10, 15, 19): 0.969642857142857, (4, 5, 8, 10, 12, 15, 17, 19): 1.0803571428571428, (0, 5, 7, 11, 12, 14, 15, 17): 0.9303571428571429, (1, 5, 7, 9, 11, 12, 13, 17): 1.082142857142857, (4, 7, 10, 12, 14, 15, 17, 19): 0.8571428571428571, (0, 2, 4, 9, 14, 15, 16, 19): 0.8946428571428571, (2, 4, 6, 8, 9, 12, 14, 16): 1.0589285714285714, (3, 8, 9, 12, 13, 14, 16, 19): 1.1446428571428573, (1, 2, 8, 10, 13, 15, 16, 19): 1.1821428571428574, (1, 2, 3, 4, 14, 15, 17, 19): 0.9660714285714285, (1, 2, 3, 6, 7, 9, 11, 16): 1.0553571428571429, (1, 4, 8, 9, 13, 15, 16, 17): 0.9160714285714286, (1, 5, 7, 12, 13, 14, 16, 19): 0.9857142857142858, (1, 2, 3, 7, 9, 14, 17, 19): 0.8303571428571429, (0, 4, 5, 11, 13, 15, 17, 19): 1.0410714285714286, (2, 3, 4, 5, 6, 9, 12, 15): 1.2214285714285715, (3, 4, 5, 11, 12, 14, 17, 18): 1.1482142857142859, (3, 9, 11, 12, 14, 17, 18, 19): 1.0946428571428573, (0, 1, 4, 9, 10, 11, 16, 17): 0.9142857142857143, (4, 7, 10, 11, 13, 14, 15, 18): 1.1285714285714286, (2, 3, 4, 5, 9, 12, 14, 15): 1.1464285714285714, (2, 8, 9, 11, 13, 15, 16, 19): 1.1607142857142856, (1, 3, 5, 10, 12, 15, 16, 17): 1.0517857142857143, (1, 3, 4, 11, 14, 15, 17, 19): 0.9303571428571428, (0, 1, 2, 4, 7, 15, 16, 18): 1.0339285714285715, (0, 2, 3, 4, 10, 15, 18, 19): 1.2946428571428572, (1, 6, 7, 8, 10, 13, 18, 19): 1.1071428571428572, (0, 2, 6, 8, 10, 11, 13, 15): 1.3214285714285716, (0, 1, 3, 4, 5, 8, 12, 18): 1.2535714285714286, (3, 5, 6, 9, 10, 12, 16, 18): 1.2892857142857146, (0, 5, 8, 9, 11, 15, 16, 18): 0.9714285714285715, (1, 2, 3, 5, 7, 9, 16, 17): 0.8517857142857144, (1, 2, 3, 4, 6, 12, 15, 17): 1.1339285714285712, (0, 1, 3, 6, 14, 15, 18, 19): 1.0410714285714286, (0, 2, 3, 4, 7, 9, 15, 17): 0.9660714285714286, (0, 3, 6, 7, 8, 10, 12, 17): 1.1607142857142856, (6, 8, 9, 14, 15, 16, 17, 19): 0.8107142857142858, (2, 7, 8, 9, 11, 12, 16, 18): 1.0750000000000002, (1, 6, 8, 9, 12, 14, 16, 18): 0.9375000000000002, (3, 4, 6, 8, 10, 15, 16, 18): 1.216071428571429, (0, 1, 5, 7, 13, 14, 18, 19): 0.9928571428571429, (0, 9, 10, 11, 12, 13, 16, 19): 1.1464285714285716, (2, 3, 6, 7, 8, 12, 16, 17): 1.0696428571428571, (0, 2, 6, 7, 10, 14, 15, 18): 1.0571428571428574, (3, 7, 9, 11, 12, 14, 15, 18): 1.0785714285714287, (0, 5, 8, 9, 10, 13, 14, 16): 0.9982142857142857, (1, 2, 4, 8, 10, 12, 16, 17): 1.0982142857142858, (2, 6, 8, 9, 11, 12, 13, 17): 1.2678571428571428, (2, 4, 5, 6, 7, 8, 11, 14): 1.030357142857143, (0, 2, 6, 7, 9, 12, 17, 18): 1.0375, (2, 4, 10, 12, 13, 15, 18, 19): 1.3875000000000002, (1, 2, 6, 9, 10, 13, 17, 18): 1.1875, (4, 6, 8, 9, 11, 12, 15, 17): 1.0375, (4, 5, 8, 10, 11, 14, 17, 18): 1.0500000000000003, (2, 4, 5, 7, 9, 13, 14, 15): 0.9928571428571429, (2, 4, 6, 7, 9, 10, 13, 19): 1.1178571428571429, (2, 3, 7, 9, 14, 16, 17, 18): 0.8428571428571431, (2, 6, 7, 8, 10, 12, 14, 19): 1.0875000000000001}
Execution Time: 737.5725 seconds
API Calls: 1275
Entropy (dep) over time: (0, None)

Algorithm 11: Naive
-----------------
Candidates Set: {(2, 4, 10, 12, 13, 15, 18, 19): (1.393, 1.386)}
Execution Time: 131.5045 seconds
API Calls: 219
Entropy (dep) over time: []

Algorithm 12: Max_Prob
--------------------
Candidates Set: {(2, 4, 10, 12, 13, 15, 18, 19): (1.393, 1.386)}
Execution Time: 279.1450 seconds
API Calls: 155
Entropy (dep) over time: [3.318, 3.319, 0.019, 0.012, 0.441, 1.153, 0.009, 0.823, 0.013, 0.138, 0.618, 1.018, 0.176, 0.529, 0.013, 0.993, 0.007, 0.004, 0.018, 0.0, 0.0, 0.0, 0.002, 0.002, 0.0, 0.0, 0.0, 0.0, 0.0, 0.0, 0.0, 0.0, 0.0, 0.0, 0.0, 0.0, 0.0, 0.0, 0.0, 0.0, 0.0, 0.0, 0.0, 0.0, 0.0, 0.0, 0.0, 0.0, 0.0, 0.0, 0.0, 0.0, 0.0, 0.0, 0.0, 0.0, 0.0, 0.006, 0.997, 0.0, 0.0, 0.0, 0.0, 0.0, 0.009, 0.0, 0.0, 0.0, 0.0, 0.0, 0.0, 0.0, 0.0, 0.0, 0.989, 0.989, 0.0, 0.0, 0.0, 0.0, 0.0, 0.0, 0.0, 0.0, 0.0, 0.0, 0.0, 0.0, 0.0, 0.001, 0.001, 0.001, 0.002, 0.004, 0.003, 0.003, 0.003, 0.014, 0.009, 0.005, 0.107, 0.252, 0.327, 0.286, 0.0, 0]

Algorithm 13: Exact_Baseline
--------------------------
Candidates Set: {(0, 1, 2, 3, 4, 7, 9, 11, 12, 14): 1.0644444444444443, (0, 2, 5, 6, 8, 9, 10, 12, 13, 14): 1.2444444444444445, (1, 3, 5, 6, 7, 8, 9, 11, 12, 14): 1.037777777777778, (2, 3, 4, 5, 6, 7, 10, 11, 12, 14): 1.2133333333333334, (1, 2, 3, 4, 5, 6, 10, 11, 12, 13): 1.337777777777778, (1, 2, 3, 5, 6, 7, 8, 12, 13, 14): 1.1633333333333336, (0, 2, 5, 6, 7, 9, 10, 11, 12, 14): 1.1166666666666667, (0, 1, 3, 5, 6, 8, 9, 11, 12, 14): 1.0711111111111111, (1, 2, 3, 4, 5, 7, 8, 9, 12, 13): 1.1566666666666667, (1, 2, 4, 5, 6, 8, 9, 10, 13, 14): 1.1144444444444446, (0, 3, 4, 5, 6, 8, 10, 11, 13, 14): 1.2377777777777779, (0, 1, 3, 4, 6, 7, 9, 11, 12, 13): 1.2044444444444444, (2, 4, 5, 8, 9, 10, 11, 12, 13, 14): 1.2288888888888891, (0, 1, 2, 3, 4, 6, 10, 11, 13, 14): 1.2322222222222223, (0, 2, 4, 5, 8, 9, 10, 12, 13, 14): 1.2022222222222223, (0, 1, 3, 6, 7, 9, 10, 11, 13, 14): 1.11, (0, 2, 6, 7, 9, 10, 11, 12, 13, 14): 1.1911111111111112, (1, 3, 4, 5, 7, 8, 9, 11, 12, 13): 1.1188888888888893, (0, 1, 2, 3, 5, 7, 9, 10, 11, 14): 0.99, (2, 5, 6, 7, 8, 9, 10, 11, 12, 13): 1.2722222222222224, (0, 1, 2, 4, 7, 9, 10, 11, 12, 14): 1.041111111111111, (0, 2, 4, 6, 8, 9, 10, 11, 12, 14): 1.1800000000000002, (3, 4, 5, 6, 7, 9, 10, 11, 13, 14): 1.168888888888889, (0, 1, 3, 6, 7, 8, 9, 10, 11, 14): 1.028888888888889, (0, 1, 2, 3, 4, 6, 7, 9, 12, 13): 1.2, (0, 4, 5, 6, 7, 9, 10, 11, 12, 14): 1.088888888888889, (0, 1, 3, 4, 5, 8, 10, 11, 12, 14): 1.1322222222222222, (0, 1, 2, 5, 7, 9, 10, 12, 13, 14): 1.0833333333333335, (0, 1, 2, 4, 5, 6, 7, 8, 13, 14): 1.06, (0, 5, 6, 8, 9, 10, 11, 12, 13, 14): 1.1977777777777778, (0, 1, 2, 3, 6, 7, 9, 10, 13, 14): 1.101111111111111, (2, 4, 6, 7, 8, 9, 10, 11, 13, 14): 1.1700000000000002, (0, 3, 4, 5, 7, 9, 10, 11, 13, 14): 1.0855555555555556, (0, 1, 3, 4, 7, 8, 10, 11, 12, 14): 1.0955555555555554, (0, 1, 2, 3, 5, 6, 7, 8, 9, 14): 0.9722222222222223, (0, 2, 3, 4, 5, 6, 8, 9, 12, 13): 1.278888888888889, (2, 4, 6, 7, 8, 9, 10, 12, 13, 14): 1.188888888888889, (0, 1, 2, 5, 6, 9, 10, 12, 13, 14): 1.1866666666666668, (0, 1, 2, 4, 6, 8, 10, 11, 12, 14): 1.1777777777777778, (1, 2, 3, 4, 6, 8, 9, 11, 12, 13): 1.29, (0, 1, 2, 3, 6, 7, 9, 12, 13, 14): 1.1355555555555557, (0, 3, 4, 5, 6, 7, 8, 9, 10, 14): 1.0833333333333335, (2, 3, 4, 5, 7, 8, 9, 10, 12, 13): 1.2377777777777779, (0, 1, 2, 3, 5, 6, 7, 9, 12, 13): 1.1755555555555555, (0, 2, 3, 4, 6, 7, 8, 10, 11, 14): 1.2033333333333331, (1, 3, 4, 5, 6, 7, 8, 9, 10, 13): 1.1166666666666667, (0, 2, 3, 4, 5, 7, 8, 9, 10, 13): 1.1811111111111112, (1, 3, 5, 6, 7, 8, 9, 12, 13, 14): 1.1044444444444446, (0, 1, 2, 3, 4, 6, 7, 8, 9, 11): 1.1444444444444444, (0, 1, 2, 6, 8, 9, 11, 12, 13, 14): 1.1333333333333333, (1, 4, 6, 7, 8, 9, 10, 11, 12, 14): 1.027777777777778, (0, 2, 3, 4, 5, 6, 9, 10, 12, 14): 1.2366666666666668, (0, 1, 3, 6, 8, 9, 10, 12, 13, 14): 1.1877777777777778, (0, 2, 3, 4, 7, 9, 11, 12, 13, 14): 1.1544444444444446, (0, 1, 3, 4, 5, 9, 10, 11, 12, 14): 1.0855555555555556, (1, 2, 3, 6, 8, 9, 10, 11, 12, 14): 1.19, (0, 1, 4, 5, 6, 8, 9, 10, 11, 13): 1.128888888888889, (1, 4, 5, 7, 8, 10, 11, 12, 13, 14): 1.088888888888889, (0, 1, 2, 3, 4, 5, 8, 9, 13, 14): 1.0588888888888892, (0, 1, 2, 7, 8, 10, 11, 12, 13, 14): 1.1444444444444444, (1, 2, 3, 4, 7, 8, 10, 12, 13, 14): 1.2111111111111112, (2, 3, 4, 6, 7, 8, 9, 12, 13, 14): 1.2100000000000002, (0, 1, 3, 4, 5, 10, 11, 12, 13, 14): 1.1822222222222223, (0, 2, 4, 5, 6, 8, 10, 11, 12, 14): 1.2244444444444444, (0, 2, 4, 6, 8, 10, 11, 12, 13, 14): 1.281111111111111, (2, 3, 4, 6, 8, 9, 10, 11, 12, 14): 1.2722222222222221, (1, 2, 3, 4, 5, 6, 7, 9, 13, 14): 1.0522222222222224, (0, 1, 2, 3, 6, 7, 9, 10, 11, 14): 1.0611111111111111, (0, 2, 4, 5, 6, 8, 10, 11, 13, 14): 1.2255555555555557, (0, 2, 3, 4, 6, 7, 11, 12, 13, 14): 1.2455555555555557, (0, 1, 2, 3, 4, 5, 6, 7, 11, 13): 1.201111111111111, (0, 3, 5, 6, 7, 10, 11, 12, 13, 14): 1.2455555555555557, (0, 2, 3, 5, 6, 7, 8, 9, 10, 13): 1.23, (0, 2, 3, 4, 5, 8, 9, 11, 12, 14): 1.138888888888889, (0, 3, 4, 6, 7, 9, 11, 12, 13, 14): 1.1911111111111112, (0, 1, 3, 4, 5, 6, 10, 11, 13, 14): 1.1755555555555557, (0, 2, 4, 5, 6, 10, 11, 12, 13, 14): 1.2944444444444447, (0, 3, 4, 5, 7, 8, 9, 10, 13, 14): 1.0755555555555558, (0, 1, 2, 5, 6, 7, 8, 11, 13, 14): 1.05, (0, 1, 2, 3, 5, 6, 7, 9, 10, 11): 1.121111111111111, (0, 2, 3, 4, 5, 8, 9, 10, 12, 14): 1.1900000000000002, (0, 1, 2, 3, 5, 6, 8, 9, 11, 13): 1.1622222222222223, (0, 1, 2, 3, 4, 6, 10, 11, 12, 13): 1.347777777777778, (1, 3, 4, 6, 7, 9, 11, 12, 13, 14): 1.1522222222222223, (2, 3, 4, 5, 6, 7, 9, 10, 11, 12): 1.2333333333333334, (0, 2, 3, 5, 6, 9, 10, 11, 12, 13): 1.3611111111111112, (0, 1, 2, 5, 7, 8, 9, 10, 11, 13): 1.117777777777778, (0, 1, 2, 3, 5, 10, 11, 12, 13, 14): 1.2233333333333334, (3, 4, 5, 6, 8, 10, 11, 12, 13, 14): 1.301111111111111, (0, 3, 5, 7, 8, 9, 10, 11, 13, 14): 1.09, (0, 2, 3, 4, 6, 8, 11, 12, 13, 14): 1.2844444444444445, (0, 1, 3, 4, 8, 9, 11, 12, 13, 14): 1.1011111111111112, (0, 1, 2, 3, 8, 9, 10, 11, 12, 13): 1.2744444444444447, (0, 2, 3, 4, 5, 7, 9, 10, 11, 13): 1.1911111111111112, (0, 1, 2, 4, 6, 7, 8, 11, 12, 13): 1.2388888888888892, (1, 2, 4, 5, 6, 7, 10, 11, 13, 14): 1.1277777777777778, (1, 4, 5, 6, 7, 8, 9, 12, 13, 14): 1.0288888888888892, (0, 1, 2, 4, 6, 8, 9, 10, 11, 14): 1.0711111111111111, (1, 2, 3, 4, 6, 7, 9, 11, 12, 14): 1.1166666666666667, (0, 2, 4, 5, 7, 8, 10, 11, 12, 14): 1.1166666666666667}
Execution Time: 737.5750 seconds
API Calls: 1275
Entropy (dep) over time: (0, None)

Algorithm 14: Naive
-----------------
Candidates Set: {(0, 2, 3, 5, 6, 9, 10, 11, 12, 13): (1.361, 1.362)}
Execution Time: 93.1512 seconds
API Calls: 151
Entropy (dep) over time: []

Algorithm 15: Max_Prob
--------------------
Candidates Set: {(0, 2, 3, 5, 6, 9, 10, 11, 12, 13): (1.361, 1.362)}
Execution Time: 247.6338 seconds
API Calls: 139
Entropy (dep) over time: [3.17, 2.626, 1.653, 2.023, 1.872, 1.847, 2.312, 1.98, 1.614, 1.934, 2.228, 0.706, 1.798, 2.056, 1.379, 1.497, 1.412, 1.595, 1.471, 0.966, 1.279, 1.319, 1.523, 1.483, 1.025, 0.312, 0.51, 0.695, 0.352, 0.873, 0.502, 0.078, 0.054, 0.885, 0.912, 0.151, 0.05, 0.007, 0.007, 0.003, 0.007, 0.0, 0.0, 0.033, 0.0, 0.001, 0.005, 0.0, 0.0, 0.0, 0.0, 0.0, 0.0, 0.0, 0.0, 0.0, 0.001, 0.012, 1.0, 1.0, 1.0, 1.0, 0.0, 0.0, 0.0, 0.0, 0.0, 0.0, 0.0, 0.0, 0.0, 0.0, 0.0, 0.0, 0.0, 0.0, 0.0, 0.0, 0.0, 0.0, 0.0, 0.0, 0.0, 0.0, 0.0, 0.0, 0.0, 0.0, 0.0, 0]

