Experiment Results
==================

Algorithm 1: Exact_Baseline
--------------------------
Candidates Set: {(12, 23): 1.0, (9, 38): 1.25, (9, 35): 0.6000000000000001, (8, 11): 1.05, (1, 40): 0.7, (34, 37): 0.95, (17, 36): 0.44999999999999996, (4, 10): 1.85, (4, 32): 1.35, (31, 38): 1.1, (6, 45): 0.85, (31, 36): 1.3, (30, 35): 0.6000000000000001, (15, 33): 0.55, (8, 47): 1.85, (39, 49): 1.35, (47, 49): 0.8, (11, 22): 1.0, (1, 43): 1.2, (46, 49): 1.3, (12, 31): 1.05, (10, 35): 0.9500000000000001, (42, 46): 0.9, (31, 44): 1.0, (14, 37): 0.75, (8, 39): 1.1, (4, 39): 0.8, (13, 37): 1.15, (2, 16): 0.7, (37, 42): 1.2999999999999998, (13, 45): 1.1, (9, 12): 1.0, (23, 37): 0.95, (15, 45): 0.8, (8, 28): 0.4, (10, 17): 1.15, (30, 40): 1.05, (16, 20): 0.9, (6, 15): 0.15000000000000002, (0, 44): 0.6499999999999999, (15, 39): 0.8, (6, 48): 1.2, (25, 36): 1.75, (8, 15): 0.6, (32, 45): 1.35, (16, 25): 1.75, (32, 41): 0.95, (6, 34): 0.95, (7, 8): 0.55, (19, 34): 0.8500000000000001, (1, 34): 1.6500000000000001, (30, 32): 1.05, (2, 37): 1.1, (7, 15): 0.9500000000000001, (14, 31): 0.65, (36, 47): 1.5, (10, 28): 0.95, (21, 44): 1.2000000000000002, (15, 37): 0.35, (14, 24): 1.25, (1, 33): 1.3, (20, 40): 0.6, (15, 30): 1.1, (25, 44): 0.85, (34, 46): 1.55, (23, 42): 1.75, (13, 20): 0.35, (8, 33): 1.1500000000000001, (21, 43): 1.1, (38, 47): 1.0, (17, 43): 1.05, (3, 4): 1.2, (21, 46): 1.5, (7, 37): 0.7, (41, 44): 1.45, (2, 9): 1.0499999999999998, (14, 17): 0.8, (14, 18): 0.95, (43, 46): 0.5, (17, 45): 0.5, (2, 41): 1.45, (6, 14): 0.85, (48, 49): 1.0, (36, 38): 0.6, (30, 31): 1.25, (13, 36): 1.15, (29, 30): 1.05, (6, 18): 0.1, (6, 24): 1.1, (33, 42): 1.7000000000000002, (1, 37): 1.6, (36, 48): 1.1, (11, 46): 1.5, (19, 21): 1.2, (30, 33): 0.9500000000000001, (4, 29): 1.6500000000000001, (4, 18): 0.55, (20, 46): 1.6, (9, 45): 1.4, (32, 40): 1.0}
Execution Time: 728.9619 seconds
API Calls: 1275
Entropy (dep) over time: (0, None)

Algorithm 2: Naive
-----------------
Candidates Set: {(8, 47): (1.85, 1.85)}
Execution Time: 117.6484 seconds
API Calls: 205
Entropy (dep) over time: []

Algorithm 3: Max_Prob
--------------------
Candidates Set: {(4, 10): (1.85, 1.85)}
Execution Time: 45.4127 seconds
API Calls: 63
Entropy (dep) over time: [2.327, 0.0, 0.0, 0.0, 0.0, 0.0, 0.0, 0.0, 0.0, 0.0, 0.001, 0.008, 0.022, 0]

Algorithm 4: Exact_Baseline
--------------------------
Candidates Set: {(6, 9, 16, 29): 1.125, (15, 27, 31, 32): 1.1166666666666667, (15, 16, 22, 39): 1.1166666666666667, (5, 14, 30, 35): 0.7749999999999999, (1, 6, 11, 37): 1.0833333333333335, (16, 21, 24, 28): 0.9416666666666667, (1, 2, 22, 37): 1.25, (13, 15, 35, 38): 0.8750000000000001, (5, 9, 27, 36): 0.7833333333333333, (3, 17, 23, 27): 1.1333333333333333, (6, 9, 21, 32): 1.275, (5, 17, 19, 33): 1.0750000000000002, (6, 15, 21, 37): 0.7416666666666667, (1, 2, 6, 15): 0.5916666666666667, (14, 20, 28, 36): 1.0666666666666667, (19, 30, 33, 36): 1.0250000000000001, (1, 2, 6, 18): 0.6333333333333334, (2, 28, 30, 33): 0.9333333333333333, (11, 14, 19, 22): 1.1916666666666664, (10, 13, 26, 39): 1.1916666666666669, (2, 11, 14, 19): 1.2416666666666667, (2, 6, 13, 30): 0.85, (8, 11, 33, 35): 1.0666666666666667, (1, 3, 20, 25): 1.05, (1, 5, 27, 33): 1.1416666666666666, (1, 17, 25, 30): 1.1083333333333334, (0, 5, 6, 31): 0.675, (3, 5, 29, 37): 1.125, (4, 20, 21, 26): 1.15, (13, 17, 23, 33): 0.9750000000000001, (18, 34, 36, 38): 0.8583333333333332, (2, 10, 34, 37): 1.1916666666666667, (2, 21, 25, 39): 1.2333333333333334, (0, 2, 9, 17): 1.0250000000000001, (0, 4, 9, 10): 1.3083333333333333, (15, 16, 20, 26): 0.8166666666666667, (5, 11, 17, 28): 0.75, (5, 11, 20, 21): 0.9000000000000001, (0, 4, 12, 13): 0.95, (5, 19, 25, 33): 1.2416666666666667, (16, 22, 27, 29): 1.1083333333333334, (4, 8, 19, 30): 1.175, (4, 13, 26, 38): 1.1750000000000003, (2, 9, 14, 25): 1.075, (8, 11, 22, 27): 1.05, (12, 23, 31, 32): 1.15, (7, 32, 33, 39): 1.125, (0, 29, 30, 39): 0.9750000000000001, (2, 12, 13, 20): 0.9666666666666666, (5, 11, 18, 39): 0.9083333333333334, (14, 16, 25, 33): 1.15, (12, 19, 33, 39): 1.1833333333333333, (0, 6, 30, 31): 0.7666666666666666, (1, 4, 26, 36): 1.3, (25, 28, 34, 36): 1.2583333333333333, (5, 18, 24, 38): 0.85, (0, 27, 31, 33): 1.05, (5, 9, 18, 25): 0.9833333333333334, (5, 31, 34, 38): 1.0083333333333333, (4, 8, 15, 20): 0.9583333333333335, (0, 21, 29, 30): 1.0166666666666666, (17, 22, 24, 31): 0.7916666666666666, (10, 22, 26, 33): 1.225, (9, 19, 24, 29): 1.1916666666666667, (5, 24, 30, 32): 1.025, (4, 15, 23, 37): 0.9749999999999999, (25, 27, 35, 36): 1.125, (1, 16, 25, 31): 1.4416666666666667, (1, 13, 24, 33): 1.2416666666666667, (12, 22, 28, 33): 1.0499999999999998, (22, 26, 31, 37): 1.1749999999999998, (0, 12, 21, 39): 1.2416666666666667, (29, 33, 35, 39): 1.15, (7, 9, 26, 30): 0.9916666666666667, (8, 16, 26, 33): 1.05, (1, 18, 28, 32): 1.0416666666666665, (3, 11, 19, 30): 0.8666666666666666, (1, 7, 13, 35): 0.9666666666666668, (2, 21, 33, 38): 1.2166666666666668, (7, 20, 30, 37): 0.6416666666666666, (1, 11, 22, 38): 1.3833333333333333, (8, 14, 25, 27): 1.1166666666666667, (0, 12, 15, 26): 0.9000000000000001, (9, 15, 17, 18): 0.825, (8, 16, 22, 39): 1.2333333333333334, (10, 15, 36, 37): 0.875, (3, 4, 23, 32): 1.2916666666666665, (3, 10, 27, 35): 1.0916666666666666, (4, 10, 29, 33): 1.525, (17, 19, 29, 33): 1.375, (16, 20, 23, 25): 1.05, (4, 17, 32, 39): 1.0250000000000001, (4, 13, 20, 30): 0.8916666666666666, (6, 13, 24, 28): 0.7666666666666667, (16, 23, 24, 29): 1.0250000000000001, (0, 5, 25, 30): 0.9416666666666667, (11, 16, 19, 26): 1.1416666666666668, (9, 20, 27, 29): 0.9166666666666667, (16, 17, 25, 27): 1.2583333333333333, (2, 5, 23, 36): 1.1083333333333334}
Execution Time: 728.9470 seconds
API Calls: 1275
Entropy (dep) over time: (0, None)

Algorithm 5: Naive
-----------------
Candidates Set: {(4, 10, 29, 33): (1.525, 1.525)}
Execution Time: 363.5964 seconds
API Calls: 635
Entropy (dep) over time: []

Algorithm 6: Max_Prob
--------------------
Candidates Set: {(4, 10, 29, 33): (1.525, 1.525)}
Execution Time: 204.9692 seconds
API Calls: 165
Entropy (dep) over time: [1.593, 0.034, 0.981, 0.109, 0.0, 0.0, 0.0, 0.0, 0.0, 0.0, 0.0, 0.0, 0.0, 0.0, 0.0, 0.0, 0.0, 0.0, 0.0, 0.0, 0.0, 0.0, 0.0, 0.0, 0.0, 0.0, 0.0, 0.0, 0.003, 0.0, 0.0, 0.0, 0.0, 0.0, 0.0, 0.0, 0.0, 0.0, 0.0, 0.0, 0.0, 0.0, 0.0, 0.0, 0.0, 0.0, 0.0, 0.0, 0.0, 0.0, 0.0, 0.0, 0.0, 0.0, 0.0, 0.0, 0.0, 0.0, 0.0, 0.0, 0.0, 0.0, 0.0, 0.0, 0.0, 0.0, 0.0, 0.0, 0.0, 0.0, 0.0, 0.0, 0.0, 0.0, 0.0, 0.0, 0.0, 0.0, 0.0, 0.0, 0.0, 0.0, 0.0, 0.0, 0.0, 0.0, 0.0, 0.0, 0.0, 0.0, 0.0, 0.0, 0.0, 0.0, 0.0, 0.0, 0.0, 0.0, 0.0, 0.001, 0.001, 0.002, 0.003, 0.005, 0.01, 0.019, 0.025, 0.03, 0.039, 0.024, 0.0, 0.0, 0.0, 0.0, 0.0, 0]

Algorithm 7: Exact_Baseline
--------------------------
Candidates Set: {(8, 9, 10, 12, 15, 23): 0.99, (2, 5, 17, 23, 27, 29): 1.1366666666666667, (1, 8, 12, 16, 19, 21): 1.2066666666666668, (1, 4, 9, 10, 26, 28): 1.3333333333333333, (0, 2, 7, 10, 18, 20): 0.8699999999999999, (1, 3, 16, 23, 27, 29): 1.3166666666666667, (4, 13, 14, 17, 19, 24): 1.0666666666666669, (2, 9, 18, 20, 23, 26): 1.0766666666666667, (2, 3, 4, 13, 15, 20): 0.8333333333333333, (2, 11, 15, 21, 23, 27): 1.23, (1, 2, 5, 17, 20, 27): 0.9733333333333334, (7, 8, 9, 12, 27, 29): 0.8600000000000001, (5, 6, 10, 11, 19, 23): 1.07, (15, 19, 21, 24, 28, 29): 1.1600000000000001, (3, 10, 17, 20, 27, 29): 1.05, (2, 3, 7, 9, 21, 25): 0.9233333333333335, (0, 7, 11, 15, 16, 23): 0.9699999999999999, (0, 1, 8, 19, 21, 24): 1.2066666666666666, (12, 14, 18, 21, 22, 29): 1.1133333333333335, (9, 15, 18, 20, 22, 29): 0.9866666666666666, (0, 5, 10, 14, 19, 21): 1.1, (0, 1, 8, 9, 15, 16): 1.0866666666666667, (6, 7, 9, 20, 21, 25): 0.9133333333333333, (5, 13, 15, 22, 23, 26): 0.9266666666666666, (0, 4, 15, 18, 23, 25): 1.0566666666666666, (3, 4, 5, 17, 22, 27): 0.9733333333333334, (0, 10, 16, 18, 24, 28): 0.8733333333333333, (1, 13, 15, 16, 17, 23): 0.9666666666666666, (0, 8, 16, 20, 24, 29): 0.9533333333333334, (8, 9, 12, 13, 19, 20): 1.0866666666666667, (1, 2, 5, 12, 17, 20): 1.02, (4, 10, 16, 17, 26, 27): 1.2466666666666666, (4, 8, 14, 15, 25, 29): 1.1366666666666667, (4, 9, 14, 16, 23, 24): 1.1466666666666665, (0, 1, 7, 22, 23, 24): 1.0866666666666667, (1, 4, 7, 15, 16, 23): 1.1633333333333336, (2, 7, 8, 10, 14, 19): 1.0866666666666667, (0, 8, 10, 13, 16, 28): 1.0, (1, 3, 4, 7, 19, 29): 1.2933333333333334, (7, 9, 17, 20, 21, 27): 0.9233333333333333, (7, 9, 10, 12, 20, 29): 0.9266666666666666, (2, 12, 13, 14, 21, 28): 1.0066666666666668, (2, 3, 8, 16, 17, 29): 0.97, (6, 10, 13, 14, 15, 22): 0.8966666666666667, (4, 5, 8, 16, 26, 29): 1.19, (6, 12, 14, 15, 18, 19): 0.8566666666666667, (0, 2, 4, 9, 14, 16): 1.0133333333333332, (2, 5, 12, 16, 17, 19): 1.0933333333333335, (0, 3, 12, 18, 24, 25): 0.8333333333333333, (5, 9, 13, 18, 19, 27): 1.0366666666666666, (10, 11, 14, 18, 23, 24): 1.126666666666667, (3, 4, 9, 16, 21, 25): 1.1733333333333333, (6, 8, 12, 18, 25, 27): 0.8666666666666667, (0, 3, 13, 15, 20, 26): 0.8166666666666667, (9, 12, 15, 23, 26, 29): 1.0833333333333335, (1, 8, 15, 19, 24, 28): 1.0033333333333334, (16, 19, 21, 22, 25, 27): 1.3133333333333332, (0, 6, 9, 20, 24, 26): 1.0433333333333332, (4, 5, 6, 19, 20, 21): 0.99, (1, 10, 15, 22, 26, 27): 1.1633333333333333, (5, 9, 12, 15, 16, 24): 0.8700000000000001, (0, 8, 15, 17, 23, 25): 1.0066666666666666, (3, 12, 17, 21, 24, 28): 0.9000000000000001, (5, 10, 15, 18, 19, 22): 1.1433333333333333, (4, 7, 15, 26, 28, 29): 1.1466666666666667, (3, 6, 10, 16, 20, 28): 0.7533333333333334, (4, 12, 14, 15, 17, 27): 0.9533333333333335, (5, 6, 9, 13, 17, 23): 0.8599999999999999, (0, 3, 13, 15, 25, 27): 1.0266666666666668, (2, 3, 4, 16, 18, 25): 0.8966666666666667, (0, 6, 7, 10, 23, 29): 1.0866666666666667, (11, 13, 16, 22, 24, 26): 0.9866666666666667, (0, 10, 11, 16, 20, 22): 1.0966666666666667, (1, 5, 9, 11, 17, 19): 1.1666666666666665, (0, 10, 13, 16, 18, 22): 1.0933333333333333, (1, 11, 15, 22, 23, 25): 1.23, (1, 11, 16, 20, 22, 27): 1.1766666666666667, (0, 3, 10, 12, 14, 20): 1.0266666666666666, (1, 8, 11, 12, 14, 22): 1.2033333333333334, (2, 4, 12, 16, 23, 25): 1.2066666666666668, (1, 7, 9, 11, 17, 24): 1.0266666666666668, (5, 10, 18, 20, 23, 25): 0.94, (1, 2, 5, 11, 21, 22): 1.2333333333333334, (1, 7, 9, 11, 14, 23): 1.2166666666666668, (1, 5, 7, 8, 11, 23): 1.1399999999999997, (0, 4, 5, 6, 10, 29): 1.1133333333333333, (2, 5, 6, 10, 11, 12): 1.05, (5, 10, 12, 17, 20, 21): 0.98, (1, 12, 16, 20, 21, 24): 1.19, (1, 3, 7, 19, 27, 28): 1.05, (0, 4, 5, 6, 21, 25): 1.0033333333333334, (0, 8, 15, 18, 24, 27): 0.9266666666666667, (1, 4, 5, 8, 22, 29): 1.3800000000000001, (7, 8, 9, 17, 21, 28): 0.8133333333333332, (0, 1, 3, 14, 15, 25): 0.9966666666666667, (10, 15, 16, 19, 26, 27): 1.19, (3, 4, 7, 14, 16, 28): 0.9333333333333333, (2, 3, 5, 20, 26, 27): 1.0033333333333334, (1, 13, 20, 22, 23, 29): 1.1266666666666667, (1, 12, 13, 16, 24, 28): 0.95}
Execution Time: 728.9520 seconds
API Calls: 1275
Entropy (dep) over time: (0, None)

Algorithm 8: Naive
-----------------
Candidates Set: {(1, 4, 5, 8, 22, 29): (1.379, 1.379)}
Execution Time: 237.3550 seconds
API Calls: 413
Entropy (dep) over time: []

Algorithm 9: Max_Prob
--------------------
Candidates Set: {(1, 4, 5, 8, 22, 29): (1.379, 1.379)}
Execution Time: 485.9367 seconds
API Calls: 247
Entropy (dep) over time: [2.981, 2.971, 2.923, 2.929, 2.811, 2.601, 2.342, 0.01, 0.009, 0.002, 0.002, 0.002, 0.0, 0.0, 0.0, 0.0, 0.0, 0.0, 0.0, 0.0, 0.0, 0.0, 0.0, 0.0, 0.0, 0.0, 0.0, 0.0, 0.0, 0.0, 0.0, 0.0, 0.0, 0.0, 0.0, 0.0, 0.0, 0.0, 0.0, 0.0, 0.0, 0.0, 0.0, 0.0, 0.0, 0.0, 0.0, 0.0, 0.0, 0.0, 0.0, 0.0, 0.0, 0.0, 0.0, 0.0, 0.0, 0.0, 0.0, 0.0, 0.0, 0.0, 0.0, 0.0, 0.0, 0.0, 0.0, 0.0, 0.0, 0.0, 0.0, 0.0, 0.0, 0.0, 0.0, 0.0, 0.0, 0.0, 0.0, 0.0, 0.0, 0.0, 0.0, 0.0, 0.0, 0.0, 0.0, 0.0, 0.0, 0.0, 0.0, 0.0, 0.0, 0.0, 0.0, 0.0, 0.0, 0.0, 0.0, 0.0, 0.0, 0.0, 0.0, 0.0, 0.0, 0.0, 0.0, 0.0, 0.0, 0.0, 0.0, 0.0, 0.0, 0.0, 0.0, 0.0, 0.0, 0.0, 0.0, 0.0, 0.0, 0.0, 0.0, 0.0, 0.0, 0.0, 0.0, 0.0, 0.0, 0.0, 0.0, 0.005, 0.015, 0.0, 0.0, 0.0, 0.0, 0.0, 0.0, 0.0, 0.0, 0.0, 0.0, 0.0, 0.0, 0.0, 0.0, 0.0, 0.0, 0.0, 0.0, 0.0, 0.0, 0.0, 0.0, 0.0, 0.0, 0.0, 0.0, 0.0, 0.0, 0.0, 0.0, 0.0, 0.0, 0.0, 0.0, 0.0, 0.0, 0.0, 0.0, 0.001, 0.001, 0.007, 0.007, 0.009, 0.011, 0.021, 0.021, 0.02, 0.02, 0.017, 0.03, 0.053, 0.097, 0.153, 0.162, 0.301, 0.296, 0.293, 0.287, 0.467, 0.703, 0.925, 0.738, 0.773, 0.61, 0]

Algorithm 10: Exact_Baseline
--------------------------
Candidates Set: {(1, 6, 7, 8, 9, 10, 14, 16): 0.9767857142857143, (2, 5, 7, 8, 9, 11, 17, 19): 0.9732142857142858, (3, 5, 6, 10, 13, 14, 15, 19): 0.8535714285714284, (0, 2, 6, 7, 10, 11, 16, 18): 0.8767857142857142, (1, 2, 3, 4, 7, 10, 13, 16): 1.094642857142857, (4, 5, 6, 9, 13, 15, 17, 18): 0.7517857142857143, (5, 6, 7, 8, 9, 13, 14, 18): 0.8142857142857143, (1, 9, 10, 11, 15, 16, 17, 18): 1.030357142857143, (2, 5, 6, 7, 8, 15, 18, 19): 0.8892857142857142, (0, 1, 2, 4, 6, 12, 14, 17): 0.9196428571428571, (1, 4, 5, 8, 10, 11, 15, 19): 1.1410714285714283, (3, 5, 6, 8, 10, 11, 13, 16): 0.9160714285714285, (2, 3, 4, 5, 6, 7, 13, 14): 0.9, (2, 3, 4, 6, 7, 12, 14, 16): 0.9107142857142858, (0, 5, 8, 11, 12, 14, 18, 19): 1.0035714285714286, (1, 4, 5, 8, 12, 13, 16, 17): 1.123214285714286, (0, 2, 4, 7, 10, 11, 17, 18): 0.9696428571428571, (0, 2, 11, 12, 16, 17, 18, 19): 1.0232142857142856, (1, 2, 4, 6, 8, 12, 18, 19): 1.0160714285714287, (3, 4, 6, 11, 14, 15, 16, 19): 0.8714285714285714, (0, 4, 5, 7, 9, 11, 14, 16): 0.9464285714285714, (0, 3, 8, 9, 13, 15, 18, 19): 0.9642857142857143, (1, 2, 4, 6, 12, 14, 17, 18): 0.8857142857142858, (1, 3, 6, 12, 16, 17, 18, 19): 0.8982142857142859, (3, 4, 5, 8, 11, 16, 17, 19): 0.967857142857143, (1, 2, 6, 8, 12, 13, 14, 19): 0.9857142857142858, (0, 2, 5, 9, 11, 12, 14, 19): 1.1178571428571429, (0, 1, 3, 8, 10, 12, 15, 17): 0.9464285714285714, (0, 1, 2, 5, 6, 13, 15, 19): 0.9517857142857142, (3, 4, 6, 12, 14, 15, 16, 17): 0.8035714285714286, (1, 3, 4, 10, 11, 12, 13, 19): 1.1500000000000001, (2, 3, 5, 6, 8, 9, 10, 11): 0.9624999999999999, (5, 6, 11, 12, 15, 16, 17, 18): 0.7446428571428572, (0, 1, 10, 13, 15, 16, 18, 19): 1.0660714285714286, (3, 4, 6, 7, 8, 9, 12, 19): 0.9589285714285716, (1, 6, 7, 9, 12, 13, 18, 19): 0.9196428571428572, (0, 1, 2, 6, 7, 10, 14, 16): 0.9892857142857143, (1, 2, 4, 5, 8, 13, 15, 18): 0.9857142857142855, (1, 5, 6, 10, 15, 16, 17, 18): 0.8464285714285716, (0, 1, 6, 8, 12, 14, 15, 18): 0.7982142857142858, (0, 3, 4, 5, 6, 15, 17, 18): 0.6803571428571429, (1, 2, 4, 8, 10, 11, 16, 17): 1.1732142857142858, (0, 1, 3, 4, 6, 8, 9, 14): 1.0678571428571426, (1, 5, 8, 10, 12, 15, 17, 18): 0.9357142857142856, (0, 4, 6, 7, 9, 10, 13, 15): 0.9089285714285715, (1, 8, 12, 13, 14, 16, 17, 19): 1.0125000000000002, (0, 1, 5, 7, 10, 11, 14, 17): 1.0053571428571428, (5, 7, 8, 9, 10, 14, 16, 17): 0.8500000000000001, (0, 3, 4, 6, 11, 12, 16, 18): 0.7964285714285715, (1, 4, 5, 9, 10, 15, 16, 19): 1.1089285714285715, (2, 10, 11, 14, 15, 16, 17, 18): 0.9732142857142858, (2, 4, 5, 7, 10, 12, 17, 18): 0.9482142857142858, (0, 2, 9, 11, 12, 13, 15, 17): 0.9571428571428571, (2, 3, 5, 9, 10, 13, 16, 19): 1.0482142857142858, (0, 3, 4, 7, 11, 13, 14, 17): 0.875, (3, 4, 6, 9, 10, 12, 15, 16): 0.9160714285714285, (2, 5, 6, 10, 11, 15, 18, 19): 0.9624999999999999, (2, 9, 11, 12, 13, 14, 18, 19): 1.0785714285714285, (0, 1, 6, 11, 13, 14, 15, 18): 0.8357142857142856, (1, 10, 11, 12, 13, 14, 16, 17): 1.0285714285714285, (1, 3, 5, 6, 7, 11, 15, 19): 0.8785714285714286, (3, 6, 10, 11, 12, 14, 15, 19): 0.9142857142857143, (2, 4, 7, 11, 12, 13, 17, 18): 0.8678571428571429, (2, 3, 5, 7, 8, 10, 16, 19): 0.9714285714285715, (2, 4, 5, 8, 10, 11, 12, 17): 1.125, (1, 2, 3, 8, 9, 13, 14, 16): 0.9839285714285715, (1, 3, 4, 8, 9, 11, 13, 16): 1.1517857142857144, (2, 4, 5, 7, 9, 11, 13, 14): 0.9714285714285715, (0, 2, 5, 6, 9, 10, 12, 19): 1.1053571428571427, (0, 1, 4, 11, 14, 15, 16, 18): 1.025, (2, 4, 5, 7, 8, 11, 15, 18): 0.8982142857142856, (0, 1, 5, 9, 14, 17, 18, 19): 1.042857142857143, (2, 4, 6, 8, 11, 16, 18, 19): 0.9785714285714286, (0, 3, 7, 8, 9, 10, 14, 19): 0.9410714285714286, (3, 4, 7, 12, 13, 14, 18, 19): 0.9303571428571429, (4, 5, 7, 11, 14, 15, 18, 19): 0.9446428571428569, (0, 3, 8, 9, 10, 13, 16, 18): 0.9696428571428571, (1, 2, 7, 8, 9, 12, 17, 19): 1.0214285714285716, (2, 3, 6, 11, 13, 15, 16, 19): 0.8517857142857141, (1, 2, 6, 8, 11, 13, 15, 19): 0.969642857142857, (0, 7, 8, 13, 14, 15, 16, 17): 0.7785714285714287, (7, 8, 10, 12, 13, 14, 16, 18): 0.9249999999999999, (0, 2, 7, 8, 11, 12, 16, 19): 0.9696428571428571, (0, 4, 5, 9, 10, 12, 16, 17): 1.0339285714285715, (0, 1, 5, 6, 9, 10, 13, 18): 0.9803571428571428, (0, 1, 2, 5, 7, 12, 15, 18): 0.8696428571428572, (5, 7, 11, 13, 15, 16, 17, 19): 0.8053571428571429, (7, 9, 12, 13, 14, 15, 17, 18): 0.7571428571428571, (4, 6, 11, 15, 16, 17, 18, 19): 0.8910714285714286, (3, 5, 8, 9, 12, 15, 17, 19): 0.8892857142857142, (0, 1, 7, 10, 11, 17, 18, 19): 1.0607142857142855, (5, 8, 10, 12, 14, 16, 17, 18): 0.9714285714285714, (2, 3, 7, 8, 10, 16, 18, 19): 0.9071428571428571, (6, 10, 11, 13, 14, 16, 17, 19): 0.9517857142857145, (5, 8, 9, 10, 14, 16, 17, 19): 0.9607142857142859, (0, 1, 3, 6, 7, 10, 15, 16): 0.8875000000000002, (1, 2, 8, 10, 11, 15, 16, 19): 1.0785714285714285, (1, 3, 7, 8, 9, 11, 14, 19): 1.032142857142857, (1, 3, 6, 8, 11, 13, 17, 19): 0.9714285714285715, (0, 8, 10, 11, 15, 16, 18, 19): 1.0089285714285714}
Execution Time: 728.9500 seconds
API Calls: 1275
Entropy (dep) over time: (0, None)

Algorithm 11: Naive
-----------------
Candidates Set: {(1, 2, 4, 8, 10, 11, 16, 17): (1.176, 1.172)}
Execution Time: 138.0324 seconds
API Calls: 236
Entropy (dep) over time: []

Algorithm 12: Max_Prob
--------------------
Candidates Set: {(1, 2, 4, 8, 10, 11, 16, 17): (1.176, 1.172)}
Execution Time: 352.8933 seconds
API Calls: 191
Entropy (dep) over time: [0.0, 1.004, 0.99, 1.981, 1.593, 1.469, 1.152, 1.115, 1.219, 0.494, 1.499, 0.204, 0.376, 0.719, 1.224, 0.069, 0.001, 0.007, 0.07, 0.126, 0.351, 0.057, 0.888, 0.768, 0.1, 0.021, 0.0, 0.0, 0.0, 0.0, 0.0, 0.0, 0.0, 0.0, 0.0, 0.0, 0.0, 0.0, 0.0, 0.0, 0.0, 0.0, 0.0, 0.0, 0.0, 0.0, 0.0, 0.0, 0.0, 0.0, 0.0, 0.0, 0.0, 0.0, 0.0, 0.0, 0.0, 0.0, 0.878, 0.0, 0.0, 0.0, 0.0, 0.0, 0.0, 0.0, 0.0, 0.0, 0.0, 0.0, 0.0, 0.0, 0.0, 0.0, 0.0, 0.0, 0.0, 0.0, 0.0, 0.0, 0.0, 0.0, 0.0, 0.0, 0.0, 0.0, 0.0, 0.0, 0.0, 0.0, 0.0, 0.0, 0.0, 0.0, 0.0, 0.0, 0.0, 0.0, 0.0, 0.0, 0.0, 0.0, 0.0, 0.0, 0.0, 0.0, 0.0, 0.0, 0.0, 0.0, 0.0, 0.0, 0.0, 0.0, 0.0, 0.0, 0.0, 0.0, 0.0, 0.0, 0.0, 0.0, 0.0, 0.0, 0.0, 0.0, 0.0, 0.0, 0.992, 0.0, 0.0, 0.0, 0.0, 0.0, 0.0, 0.0, 0.0, 0.0, 0.0, 0.0, 0.0, 0]

Algorithm 13: Exact_Baseline
--------------------------
Candidates Set: {(0, 1, 2, 7, 8, 9, 10, 11, 12, 13): 1.0211111111111113, (1, 2, 3, 4, 5, 8, 9, 10, 13, 14): 1.1333333333333333, (0, 1, 3, 4, 5, 6, 8, 10, 11, 13): 1.0722222222222224, (0, 2, 5, 6, 7, 8, 9, 12, 13, 14): 0.8733333333333333, (1, 2, 3, 4, 6, 7, 8, 10, 11, 12): 1.0111111111111115, (1, 2, 3, 4, 5, 7, 9, 10, 13, 14): 1.0655555555555556, (0, 2, 3, 5, 6, 8, 10, 11, 13, 14): 0.9633333333333334, (0, 1, 4, 6, 9, 10, 11, 12, 13, 14): 1.068888888888889, (0, 1, 3, 5, 6, 7, 8, 10, 12, 14): 0.9500000000000002, (1, 2, 4, 5, 8, 9, 10, 11, 12, 14): 1.1877777777777778, (0, 1, 2, 4, 5, 6, 7, 9, 12, 14): 0.9855555555555555, (0, 1, 2, 4, 5, 6, 9, 10, 11, 12): 1.1088888888888888, (1, 3, 4, 5, 6, 8, 9, 10, 12, 13): 1.0822222222222222, (0, 1, 3, 4, 6, 9, 10, 11, 12, 13): 1.0644444444444445, (1, 2, 3, 4, 5, 6, 8, 9, 10, 13): 1.0744444444444445, (0, 1, 2, 3, 5, 8, 9, 11, 12, 14): 1.0911111111111111, (0, 1, 2, 3, 4, 5, 11, 12, 13, 14): 1.0755555555555556, (0, 1, 2, 4, 7, 8, 10, 11, 13, 14): 1.0900000000000003, (0, 1, 5, 7, 8, 9, 10, 12, 13, 14): 0.9888888888888889, (1, 2, 3, 4, 5, 6, 7, 8, 12, 13): 0.9811111111111113, (0, 1, 3, 4, 5, 6, 10, 11, 12, 14): 1.058888888888889, (0, 2, 3, 4, 7, 8, 10, 12, 13, 14): 1.0233333333333334, (1, 3, 4, 5, 6, 7, 9, 11, 12, 14): 1.0055555555555555, (1, 2, 3, 5, 6, 9, 11, 12, 13, 14): 0.9877777777777779, (0, 1, 2, 3, 6, 7, 10, 11, 12, 14): 0.9755555555555555, (0, 3, 4, 5, 6, 8, 9, 10, 11, 12): 1.017777777777778, (0, 1, 2, 3, 4, 6, 8, 11, 12, 14): 1.02, (0, 2, 3, 6, 7, 8, 10, 12, 13, 14): 0.8933333333333333, (0, 1, 2, 4, 7, 9, 11, 12, 13, 14): 1.0444444444444445, (1, 5, 6, 7, 8, 9, 10, 11, 13, 14): 0.9555555555555557, (1, 2, 3, 4, 5, 6, 7, 9, 11, 14): 1.0244444444444447, (1, 3, 4, 7, 8, 9, 11, 12, 13, 14): 1.0433333333333332, (0, 2, 3, 4, 6, 7, 8, 9, 10, 14): 0.9644444444444444, (0, 1, 3, 4, 7, 8, 9, 11, 13, 14): 1.0522222222222224, (2, 3, 4, 6, 7, 8, 11, 12, 13, 14): 0.9311111111111112, (0, 1, 4, 6, 7, 8, 11, 12, 13, 14): 0.9622222222222223, (0, 1, 2, 6, 7, 8, 11, 12, 13, 14): 0.9033333333333333, (2, 4, 5, 6, 8, 9, 10, 11, 12, 13): 1.058888888888889, (1, 2, 3, 5, 6, 8, 10, 11, 12, 13): 1.028888888888889, (0, 1, 3, 4, 5, 6, 7, 8, 10, 11): 1.017777777777778, (1, 2, 3, 6, 8, 9, 10, 12, 13, 14): 0.9844444444444445, (0, 2, 3, 6, 8, 10, 11, 12, 13, 14): 0.9622222222222221, (0, 2, 3, 5, 7, 9, 10, 11, 12, 13): 0.9588888888888889, (3, 4, 5, 7, 8, 9, 11, 12, 13, 14): 0.9611111111111111, (0, 1, 2, 4, 5, 6, 8, 11, 13, 14): 1.0211111111111113, (0, 1, 3, 4, 5, 6, 7, 8, 9, 13): 0.9822222222222222, (0, 2, 4, 5, 7, 9, 10, 12, 13, 14): 1.008888888888889, (0, 1, 2, 3, 4, 5, 8, 10, 13, 14): 1.1333333333333333, (0, 1, 5, 6, 7, 10, 11, 12, 13, 14): 0.9199999999999999, (0, 1, 2, 3, 7, 10, 11, 12, 13, 14): 1.0122222222222224, (0, 1, 2, 4, 5, 6, 8, 10, 11, 14): 1.08, (0, 2, 3, 7, 8, 9, 10, 12, 13, 14): 0.9433333333333334, (2, 3, 4, 5, 6, 8, 11, 12, 13, 14): 0.9977777777777781, (2, 4, 6, 7, 8, 9, 10, 11, 12, 14): 1.0277777777777777, (0, 2, 3, 5, 7, 8, 10, 12, 13, 14): 0.9822222222222223, (0, 2, 3, 4, 5, 7, 8, 10, 11, 13): 1.0077777777777779, (1, 3, 5, 6, 8, 9, 10, 11, 12, 13): 1.0122222222222221, (2, 3, 4, 5, 7, 8, 11, 12, 13, 14): 1.0044444444444447, (1, 3, 5, 6, 7, 8, 10, 11, 12, 14): 0.971111111111111, (0, 1, 5, 6, 7, 9, 10, 11, 12, 14): 0.991111111111111, (0, 1, 4, 5, 6, 10, 11, 12, 13, 14): 1.027777777777778, (1, 2, 3, 4, 6, 7, 10, 11, 12, 14): 1.0444444444444445, (0, 1, 2, 3, 7, 8, 10, 12, 13, 14): 0.9955555555555556, (1, 2, 3, 5, 7, 8, 9, 12, 13, 14): 0.98, (0, 1, 2, 5, 7, 8, 10, 12, 13, 14): 1.0144444444444445, (1, 2, 3, 4, 6, 7, 8, 11, 12, 13): 0.9566666666666669, (0, 1, 2, 3, 4, 5, 9, 10, 11, 14): 1.17, (2, 3, 4, 5, 7, 8, 9, 10, 11, 14): 1.0233333333333334, (1, 2, 5, 7, 8, 9, 10, 12, 13, 14): 1.018888888888889, (2, 3, 5, 6, 7, 9, 10, 11, 12, 14): 0.9533333333333334, (0, 2, 3, 5, 6, 7, 8, 10, 11, 12): 0.9088888888888889, (0, 3, 5, 6, 7, 8, 9, 11, 13, 14): 0.8355555555555557, (0, 1, 2, 4, 7, 8, 11, 12, 13, 14): 1.0333333333333334, (0, 1, 2, 7, 8, 10, 11, 12, 13, 14): 1.0122222222222224, (0, 1, 3, 4, 6, 7, 9, 10, 11, 12): 1.0233333333333334, (0, 1, 4, 6, 8, 9, 10, 12, 13, 14): 1.0522222222222224, (0, 2, 3, 7, 8, 9, 11, 12, 13, 14): 0.9166666666666667, (0, 1, 2, 3, 5, 6, 7, 8, 9, 11): 0.9600000000000001, (0, 2, 3, 4, 6, 8, 9, 11, 12, 14): 0.9988888888888889, (1, 2, 3, 5, 6, 8, 9, 10, 12, 14): 1.0322222222222224, (0, 1, 3, 5, 6, 7, 8, 11, 12, 14): 0.9255555555555556, (0, 1, 3, 4, 5, 7, 9, 12, 13, 14): 0.9944444444444445, (0, 1, 2, 3, 4, 6, 8, 9, 10, 13): 1.0644444444444445, (1, 2, 5, 6, 7, 10, 11, 12, 13, 14): 0.9633333333333336, (0, 1, 4, 7, 8, 9, 10, 11, 13, 14): 1.1022222222222222, (1, 2, 4, 5, 6, 7, 8, 11, 12, 14): 1.0355555555555558, (0, 1, 3, 5, 8, 9, 10, 11, 12, 14): 1.1, (0, 1, 2, 3, 4, 6, 7, 8, 10, 11): 1.0133333333333334, (1, 2, 4, 5, 6, 9, 10, 11, 12, 13): 1.0822222222222224, (1, 3, 6, 7, 8, 9, 10, 11, 12, 14): 0.9566666666666668, (1, 2, 4, 5, 6, 7, 9, 11, 12, 13): 0.9844444444444447, (0, 4, 5, 6, 7, 8, 9, 10, 11, 14): 0.9855555555555556, (0, 1, 2, 4, 6, 8, 10, 12, 13, 14): 1.02, (0, 1, 2, 5, 6, 7, 9, 11, 13, 14): 0.948888888888889, (3, 4, 5, 6, 7, 8, 9, 10, 12, 13): 0.9488888888888891, (2, 4, 5, 6, 7, 8, 9, 10, 11, 13): 0.9777777777777779, (1, 2, 4, 5, 8, 9, 10, 12, 13, 14): 1.1466666666666667, (0, 1, 2, 4, 5, 7, 8, 10, 12, 14): 1.0855555555555558, (0, 3, 4, 5, 6, 7, 8, 11, 12, 13): 0.877777777777778, (0, 1, 4, 5, 6, 8, 10, 11, 12, 14): 1.0744444444444445}
Execution Time: 728.9528 seconds
API Calls: 1275
Entropy (dep) over time: (0, None)

Algorithm 14: Naive
-----------------
Candidates Set: {(1, 2, 4, 5, 8, 9, 10, 11, 12, 14): (1.165, 1.185)}
Execution Time: 90.5274 seconds
API Calls: 153
Entropy (dep) over time: []

Algorithm 15: Max_Prob
--------------------
Candidates Set: {(1, 2, 4, 5, 8, 9, 10, 11, 12, 14): (1.187, 1.185)}
Execution Time: 256.1970 seconds
API Calls: 133
Entropy (dep) over time: [4.077, 1.608, 0.0, 0.0, 0.042, 1.675, 1.611, 0.448, 0.005, 0.01, 0.029, 0.08, 0.077, 0.134, 1.067, 0.135, 0.366, 0.023, 0.115, 0.101, 0.149, 0.461, 0.988, 0.552, 0.016, 0.011, 0.038, 0.029, 0.036, 0.04, 0.022, 0.066, 0.467, 0.446, 0.0, 0.0, 0.0, 0.0, 0.0, 0.0, 0.0, 0.0, 0.0, 0.0, 0.0, 0.0, 0.0, 0.0, 0.0, 0.018, 0.651, 0.0, 0.0, 0.0, 0.0, 0.0, 0.0, 0.0, 0.0, 0.0, 0.0, 0.0, 0.0, 0.0, 0.0, 0.0, 0.0, 0.0, 0.0, 1.0, 1.0, 0.0, 0.0, 0.0, 0.0, 0.0, 0.001, 0.002, 0.002, 0.032, 0.028, 0.072, 0.0, 0]

