Experiment Results
==================

Algorithm 1: Exact_Baseline
--------------------------
Candidates Set: {(5, 12, 26): 1.0, (5, 21, 45): 0.9333333333333333, (17, 18, 37): 1.1666666666666667, (6, 30, 34): 0.7333333333333333, (8, 36, 43): 1.2, (14, 20, 26): 1.2666666666666666, (6, 26, 29): 0.5666666666666667, (18, 34, 44): 1.1, (29, 44, 49): 1.1, (14, 24, 35): 1.1666666666666665, (0, 35, 47): 0.7333333333333334, (4, 6, 8): 0.8999999999999999, (5, 10, 11): 0.7999999999999999, (19, 36, 38): 1.1666666666666665, (2, 19, 28): 1.0, (15, 17, 19): 0.9666666666666667, (3, 13, 36): 1.2666666666666666, (12, 29, 44): 0.8, (1, 2, 17): 1.2333333333333334, (13, 28, 41): 0.5666666666666667, (4, 11, 23): 1.4000000000000001, (9, 20, 46): 0.8666666666666667, (1, 20, 38): 0.9666666666666666, (17, 45, 47): 1.0333333333333332, (24, 26, 37): 1.4, (34, 36, 47): 0.8666666666666667, (0, 37, 39): 0.6333333333333333, (15, 18, 25): 1.0333333333333334, (13, 28, 38): 0.7999999999999999, (12, 13, 19): 1.2000000000000002, (3, 10, 15): 0.8666666666666667, (12, 31, 43): 1.4, (14, 16, 27): 1.2000000000000002, (3, 32, 34): 1.4333333333333333, (3, 15, 46): 1.1, (8, 14, 46): 1.3666666666666667, (18, 36, 45): 0.7666666666666667, (9, 25, 37): 1.0, (2, 9, 35): 1.0666666666666667, (4, 11, 35): 1.5, (11, 22, 41): 0.9333333333333333, (0, 3, 32): 1.1, (7, 14, 25): 1.2999999999999998, (3, 10, 19): 1.0333333333333332, (5, 18, 32): 1.0666666666666667, (1, 10, 31): 0.6, (18, 39, 44): 0.6666666666666666, (33, 37, 49): 1.4666666666666668, (0, 6, 49): 1.0, (14, 21, 33): 1.5, (17, 22, 41): 0.6666666666666667, (11, 20, 33): 1.2999999999999998, (12, 22, 39): 0.9333333333333333, (18, 21, 32): 1.0, (6, 18, 40): 0.7, (22, 29, 49): 0.9333333333333333, (7, 14, 27): 1.1666666666666667, (31, 33, 35): 1.0, (25, 35, 45): 0.7666666666666666, (1, 10, 32): 0.8666666666666667, (6, 11, 27): 1.2, (16, 25, 42): 1.2333333333333334, (9, 11, 39): 1.0999999999999999, (14, 25, 44): 1.3, (7, 17, 37): 1.0333333333333332, (27, 30, 45): 0.8999999999999999, (2, 9, 25): 1.0666666666666667, (30, 32, 45): 1.1333333333333333, (6, 7, 15): 0.8333333333333333, (10, 27, 38): 0.8333333333333334, (30, 43, 45): 1.0666666666666667, (13, 15, 20): 1.0, (20, 37, 40): 0.8, (2, 21, 29): 1.0, (0, 2, 49): 1.1333333333333333, (6, 43, 45): 0.9666666666666667, (11, 39, 46): 0.9333333333333331, (0, 31, 39): 0.4, (19, 29, 38): 0.8999999999999999, (1, 7, 33): 0.9333333333333333, (4, 13, 47): 0.9666666666666666, (20, 46, 48): 0.9333333333333333, (4, 36, 47): 0.7333333333333334, (1, 28, 39): 0.9333333333333333, (32, 33, 42): 1.2, (15, 25, 42): 1.2666666666666666, (12, 26, 28): 1.0333333333333334, (8, 35, 40): 1.2000000000000002, (9, 26, 46): 1.0333333333333332, (5, 21, 38): 1.0999999999999999, (4, 20, 32): 0.9, (10, 17, 38): 1.1333333333333333, (5, 16, 27): 1.2, (13, 27, 48): 1.0333333333333334, (3, 43, 44): 1.5333333333333332, (11, 24, 41): 0.7333333333333333, (15, 18, 21): 0.8333333333333335, (6, 11, 17): 1.0333333333333332, (1, 16, 30): 1.1333333333333333, (0, 8, 40): 0.6}
Execution Time: 734.5981 seconds
API Calls: 1275
Entropy (dep) over time: (0, None)

Algorithm 2: Naive
-----------------
Candidates Set: {(3, 43, 44): (1.533, 1.534)}
Execution Time: 376.9520 seconds
API Calls: 645
Entropy (dep) over time: []

Algorithm 3: Max_Prob
--------------------
Candidates Set: {(3, 43, 44): (1.533, 1.534)}
Execution Time: 267.2791 seconds
API Calls: 115
Entropy (dep) over time: [2.331, 0.0, 0.022, 0.0, 0.0, 0.0, 0.0, 0.0, 0.046, 0.0, 0.0, 0.0, 0.0, 0.0, 0.0, 0.0, 0.056, 0.0, 0.0, 0.0, 0.0, 0.0, 0.0, 0.0, 0.0, 0.0, 0.0, 0.0, 0.0, 0.0, 0.0, 0.0, 0.0, 0.0, 0.0, 0.0, 0.0, 0.0, 0.0, 0.0, 0.0, 0.0, 0.0, 0.0, 0.0, 0.0, 0.0, 0.0, 0.0, 0.0, 0.001, 0.002, 0.004, 0.009, 0.018, 0.036, 0.069, 0.114, 0.127, 0.227, 0.371, 0.41, 0.549, 0.687, 0.516, 0]

Algorithm 4: Exact_Baseline
--------------------------
Candidates Set: {(17, 24, 34, 37, 38): 1.1800000000000002, (9, 10, 25, 33, 34): 1.0899999999999999, (1, 18, 23, 27, 36): 1.12, (15, 21, 25, 26, 30): 1.23, (6, 24, 34, 36, 38): 0.82, (7, 8, 21, 28, 38): 0.9300000000000002, (13, 18, 27, 29, 39): 0.88, (3, 11, 17, 29, 38): 0.89, (1, 2, 18, 27, 39): 1.1099999999999999, (1, 9, 12, 18, 25): 1.1, (4, 12, 21, 24, 39): 1.04, (0, 1, 4, 22, 34): 0.7899999999999998, (2, 22, 30, 33, 34): 1.1300000000000001, (6, 10, 17, 25, 27): 1.02, (27, 32, 33, 34, 38): 1.1900000000000002, (17, 21, 23, 28, 38): 1.0300000000000002, (0, 3, 4, 20, 28): 0.74, (0, 10, 26, 31, 38): 0.84, (0, 3, 21, 26, 36): 1.02, (4, 12, 26, 30, 37): 1.15, (3, 21, 22, 24, 29): 0.8899999999999999, (4, 11, 20, 27, 39): 1.01, (3, 9, 21, 28, 39): 0.9, (6, 13, 17, 30, 38): 1.05, (5, 6, 9, 23, 37): 0.8, (3, 15, 19, 25, 36): 1.2199999999999998, (0, 4, 12, 16, 35): 1.02, (12, 14, 28, 29, 31): 0.92, (4, 33, 35, 36, 37): 1.14, (9, 24, 25, 30, 39): 0.8999999999999999, (0, 20, 25, 30, 33): 1.05, (23, 31, 32, 36, 39): 0.86, (1, 7, 25, 36, 37): 1.08, (0, 3, 20, 24, 32): 0.9600000000000001, (10, 15, 27, 32, 35): 0.9099999999999999, (6, 11, 29, 30, 31): 0.69, (1, 4, 24, 32, 39): 0.9500000000000001, (3, 23, 25, 26, 29): 1.01, (11, 19, 23, 28, 38): 1.07, (3, 24, 27, 28, 35): 1.16, (0, 16, 18, 19, 30): 0.8700000000000001, (2, 4, 5, 24, 36): 1.11, (1, 15, 20, 30, 35): 0.92, (1, 4, 9, 11, 35): 1.19, (5, 14, 27, 36, 39): 1.24, (3, 5, 6, 20, 30): 0.78, (7, 21, 26, 31, 39): 1.07, (5, 15, 21, 22, 33): 1.0, (0, 3, 5, 33, 35): 0.99, (2, 7, 20, 27, 38): 1.08, (4, 5, 14, 30, 35): 1.2, (8, 10, 16, 18, 19): 1.0, (14, 16, 17, 31, 35): 1.19, (7, 8, 11, 32, 39): 0.98, (1, 6, 27, 28, 31): 0.7, (4, 16, 26, 29, 37): 0.8899999999999999, (1, 14, 28, 29, 35): 0.98, (0, 12, 15, 35, 39): 0.9199999999999999, (6, 9, 15, 28, 29): 0.5000000000000001, (4, 26, 34, 35, 39): 0.99, (2, 11, 13, 23, 28): 1.08, (17, 26, 28, 30, 38): 0.8800000000000001, (9, 13, 24, 28, 34): 0.9099999999999999, (10, 15, 16, 30, 38): 1.1, (2, 3, 4, 7, 24): 0.95, (0, 3, 10, 22, 37): 0.78, (7, 20, 21, 32, 34): 1.1600000000000001, (4, 21, 22, 32, 37): 0.9299999999999999, (13, 15, 16, 32, 38): 1.08, (7, 13, 21, 28, 36): 1.13, (1, 10, 12, 21, 27): 1.06, (2, 11, 20, 29, 31): 0.78, (1, 11, 22, 26, 36): 1.2799999999999998, (5, 11, 15, 24, 33): 1.13, (2, 7, 12, 14, 18): 1.2199999999999998, (4, 11, 15, 21, 27): 1.14, (15, 21, 23, 35, 39): 1.15, (2, 8, 12, 18, 23): 1.06, (2, 5, 17, 29, 37): 1.0699999999999998, (10, 20, 25, 26, 29): 1.01, (1, 5, 7, 8, 18): 1.02, (1, 6, 14, 21, 32): 1.14, (8, 24, 25, 36, 37): 0.95, (0, 1, 22, 27, 37): 0.96, (4, 5, 29, 33, 39): 0.82, (0, 9, 21, 25, 32): 1.12, (4, 7, 21, 27, 36): 1.19, (5, 8, 10, 12, 22): 0.8900000000000001, (0, 7, 16, 21, 28): 0.8500000000000001, (3, 8, 12, 26, 35): 1.04, (4, 23, 29, 30, 32): 1.0300000000000002, (5, 8, 13, 19, 30): 1.07, (0, 8, 16, 17, 31): 0.7000000000000001, (13, 20, 26, 35, 38): 1.1099999999999999, (18, 29, 35, 36, 38): 0.8, (10, 17, 20, 21, 35): 1.04, (9, 10, 13, 20, 36): 0.9800000000000001, (2, 13, 18, 27, 32): 1.1600000000000001, (1, 8, 20, 34, 38): 1.02, (1, 4, 5, 16, 34): 1.0699999999999998}
Execution Time: 734.6714 seconds
API Calls: 1275
Entropy (dep) over time: (0, None)

Algorithm 5: Naive
-----------------
Candidates Set: {(1, 11, 22, 26, 36): (1.28, 1.28)}
Execution Time: 437.6090 seconds
API Calls: 755
Entropy (dep) over time: []

Algorithm 6: Max_Prob
--------------------
Candidates Set: {(1, 11, 22, 26, 36): (1.28, 1.28)}
Execution Time: 2390.4158 seconds
API Calls: 346
Entropy (dep) over time: [0.03, 2.158, 2.187, 2.321, 2.002, 1.589, 0.516, 0.551, 0.1, 0.018, 0.062, 2.471, 2.232, 0.003, 0.855, 0.002, 1.026, 0.257, 1.554, 1.295, 1.425, 1.572, 1.602, 0.516, 0.766, 0.015, 0.0, 0.0, 0.0, 0.0, 0.033, 0.0, 0.0, 0.864, 0.0, 0.0, 0.0, 0.0, 0.0, 0.0, 0.0, 0.0, 0.0, 0.79, 0.0, 0.0, 0.0, 0.0, 0.0, 0.0, 0.0, 0.0, 0.0, 0.0, 0.0, 0.0, 0.0, 0.0, 0.0, 0.0, 0.0, 0.0, 0.0, 0.0, 0.0, 0.0, 0.0, 0.0, 0.0, 0.0, 0.0, 0.0, 0.0, 0.0, 0.0, 0.0, 0.0, 0.0, 0.0, 0.0, 0.0, 0.0, 0.0, 0.0, 0.0, 0.0, 0.0, 0.0, 0.0, 0.0, 0.0, 0.0, 0.0, 0.0, 0.0, 0.0, 0.0, 0.0, 0.0, 0.0, 0.0, 0.0, 0.0, 0.0, 0.0, 0.0, 0.0, 0.0, 0.0, 0.0, 0.0, 0.0, 0.0, 0.0, 0.0, 0.0, 0.0, 0.0, 0.0, 0.0, 0.0, 0.0, 0.0, 0.0, 0.0, 0.0, 0.0, 0.0, 0.0, 0.0, 0.0, 0.0, 0.0, 0.0, 0.0, 0.0, 0.0, 0.0, 0.0, 0.0, 0.0, 0.0, 0.0, 0.0, 0.0, 0.0, 0.0, 0.0, 0.0, 0.0, 0.0, 0.0, 0.0, 0.0, 0.0, 0.0, 0.0, 0.0, 0.0, 0.0, 0.0, 0.0, 0.0, 0.0, 0.0, 0.0, 0.0, 0.0, 0.0, 0.0, 0.0, 0.0, 0.0, 0.0, 0.0, 0.0, 0.0, 0.0, 0.0, 0.0, 0.0, 0.0, 0.0, 0.0, 0.0, 0.0, 0.0, 0.0, 0.0, 0.0, 0.0, 0.0, 0.0, 0.0, 0.0, 0.0, 0.675, 0.0, 0.0, 0.0, 0.0, 0.0, 0.0, 0.0, 0.0, 0.0, 0.0, 0.0, 0.0, 0.0, 0.0, 0.0, 0.0, 0.0, 0.0, 0.0, 0.0, 0.0, 0.0, 0.0, 0.0, 0.0, 0.0, 0.0, 0.0, 0.0, 0.0, 0.0, 0.0, 0.0, 0.0, 0.0, 0.0, 0.0, 0.0, 0.0, 0.0, 0.0, 0.0, 0.0, 0.0, 0.001, 0.0, 0.0, 0.0, 0.0, 0.0, 0.0, 0.0, 0.0, 0.0, 0.0, 0.0, 0.0, 0.0, 0.0, 0.0, 0.0, 0.0, 0.0, 0.0, 0.0, 0.0, 0.0, 0.0, 0.0, 0.0, 0.0, 0.0, 0.0, 0.0, 0.0, 0.0, 0.0, 0.001, 0.0, 0.0, 0.0, 0.0, 0.001, 0.002, 0.004, 0.011, 0.031, 0.039, 0.059, 0.093, 0.163, 0.084, 0.084, 0.105, 0.111, 0.202, 0.218, 0.153, 0.0, 0]

Algorithm 7: Exact_Baseline
--------------------------
Candidates Set: {(1, 3, 10, 12, 26, 28, 29): 0.8952380952380952, (4, 11, 15, 16, 18, 21, 22): 0.9761904761904763, (0, 3, 9, 15, 22, 24, 29): 0.7571428571428571, (2, 5, 13, 18, 23, 24, 29): 1.1619047619047622, (2, 3, 8, 11, 15, 22, 23): 1.0285714285714285, (0, 1, 20, 23, 24, 25, 26): 1.080952380952381, (10, 11, 15, 16, 19, 23, 29): 0.9142857142857143, (0, 15, 18, 21, 23, 25, 26): 1.0761904761904761, (5, 7, 9, 12, 16, 17, 28): 0.7761904761904761, (0, 15, 19, 22, 23, 28, 29): 0.8333333333333335, (7, 9, 14, 22, 24, 27, 28): 0.861904761904762, (5, 13, 16, 17, 19, 22, 28): 0.9190476190476192, (0, 2, 3, 10, 11, 20, 29): 0.7904761904761904, (2, 6, 8, 9, 11, 23, 26): 0.9523809523809526, (0, 1, 6, 9, 15, 20, 21): 0.8476190476190475, (0, 8, 9, 20, 21, 25, 27): 1.0285714285714287, (2, 3, 4, 7, 8, 16, 29): 0.9761904761904763, (2, 5, 7, 10, 11, 13, 18): 1.1380952380952378, (11, 16, 17, 18, 19, 24, 29): 0.9476190476190476, (4, 10, 11, 12, 14, 23, 29): 1.1095238095238094, (0, 7, 15, 17, 20, 22, 25): 0.8285714285714285, (3, 4, 5, 16, 19, 21, 24): 1.0714285714285714, (9, 10, 12, 13, 20, 23, 28): 0.919047619047619, (1, 3, 13, 14, 17, 18, 23): 1.0666666666666667, (3, 4, 8, 9, 15, 18, 21): 0.8142857142857143, (2, 3, 5, 12, 15, 21, 26): 1.0857142857142856, (1, 8, 11, 22, 23, 26, 29): 0.9095238095238096, (7, 9, 11, 15, 18, 20, 21): 0.9428571428571431, (0, 4, 5, 16, 18, 20, 23): 0.9047619047619049, (1, 6, 7, 8, 12, 21, 29): 0.9238095238095239, (5, 7, 9, 13, 17, 24, 28): 0.8761904761904762, (4, 8, 12, 13, 14, 17, 22): 1.0, (0, 2, 3, 6, 9, 14, 15): 0.9285714285714286, (2, 5, 16, 17, 18, 22, 28): 0.9571428571428571, (4, 16, 17, 18, 22, 25, 29): 0.8380952380952382, (2, 12, 15, 16, 17, 18, 20): 0.957142857142857, (0, 1, 5, 9, 13, 16, 27): 0.9809523809523811, (0, 3, 11, 16, 18, 20, 25): 0.9714285714285715, (3, 5, 7, 14, 21, 25, 26): 1.2666666666666666, (0, 2, 6, 12, 16, 18, 26): 0.9238095238095239, (7, 8, 14, 20, 24, 27, 28): 1.0047619047619047, (0, 6, 7, 14, 18, 20, 29): 0.8, (3, 7, 8, 17, 20, 28, 29): 0.8571428571428571, (0, 3, 10, 19, 23, 26, 28): 1.0380952380952382, (8, 13, 14, 23, 24, 28, 29): 0.9238095238095241, (4, 9, 12, 14, 19, 20, 26): 1.0666666666666669, (1, 6, 12, 13, 14, 21, 28): 1.1476190476190475, (5, 7, 10, 11, 18, 21, 24): 1.095238095238095, (3, 7, 8, 13, 18, 24, 27): 1.080952380952381, (2, 5, 10, 14, 17, 20, 28): 1.0333333333333332, (2, 4, 7, 11, 23, 27, 28): 1.0809523809523809, (5, 10, 11, 13, 14, 17, 18): 1.0619047619047617, (8, 10, 14, 17, 19, 23, 27): 1.185714285714286, (3, 5, 13, 17, 18, 22, 23): 0.8666666666666667, (0, 1, 5, 17, 18, 22, 25): 0.8333333333333335, (0, 1, 9, 21, 23, 24, 27): 1.0904761904761906, (7, 11, 12, 14, 15, 17, 28): 1.119047619047619, (3, 11, 12, 14, 16, 18, 29): 1.0571428571428574, (3, 14, 15, 16, 17, 20, 24): 1.0285714285714285, (0, 5, 6, 13, 15, 26, 29): 0.9238095238095237, (2, 12, 13, 19, 22, 25, 28): 1.042857142857143, (2, 3, 14, 18, 21, 23, 26): 1.2095238095238094, (1, 6, 8, 13, 15, 20, 23): 0.8095238095238095, (3, 10, 20, 22, 23, 27, 28): 0.9095238095238096, (1, 3, 5, 7, 8, 9, 29): 0.8476190476190476, (2, 7, 19, 20, 25, 26, 28): 1.0428571428571427, (1, 5, 8, 14, 18, 23, 28): 0.9761904761904762, (0, 5, 14, 16, 18, 26, 27): 0.9666666666666668, (11, 19, 21, 23, 24, 25, 26): 1.380952380952381, (2, 3, 10, 13, 18, 21, 26): 1.0761904761904761, (9, 10, 11, 12, 18, 19, 26): 1.0904761904761906, (1, 2, 10, 12, 14, 17, 19): 1.2000000000000002, (6, 12, 14, 19, 25, 26, 28): 1.176190476190476, (0, 1, 3, 5, 8, 12, 24): 0.9571428571428571, (6, 8, 12, 17, 19, 21, 23): 1.1333333333333333, (7, 11, 13, 17, 19, 21, 25): 1.2000000000000002, (5, 8, 10, 15, 23, 25, 26): 1.0142857142857142, (1, 2, 9, 11, 13, 16, 29): 0.9714285714285715, (3, 6, 12, 14, 15, 23, 28): 1.0666666666666667, (5, 7, 10, 11, 14, 15, 27): 1.1238095238095238, (2, 3, 5, 7, 20, 25, 28): 1.0380952380952382, (3, 9, 12, 19, 22, 24, 26): 0.9857142857142858, (0, 7, 8, 11, 14, 23, 27): 1.119047619047619, (4, 6, 11, 14, 16, 18, 19): 1.1238095238095238, (4, 10, 12, 22, 23, 24, 28): 0.9857142857142858, (2, 6, 7, 11, 17, 24, 28): 0.9333333333333333, (6, 11, 15, 20, 21, 22, 29): 0.9476190476190477, (6, 9, 10, 15, 23, 25, 29): 0.6857142857142857, (2, 9, 12, 14, 15, 23, 26): 1.119047619047619, (2, 5, 8, 11, 12, 15, 27): 1.1714285714285715, (5, 11, 14, 18, 19, 22, 26): 1.1285714285714286, (3, 4, 11, 15, 23, 25, 28): 0.9571428571428573, (1, 2, 15, 16, 21, 23, 27): 1.0999999999999999, (2, 3, 8, 17, 20, 21, 22): 0.9714285714285713, (3, 5, 11, 15, 20, 26, 27): 1.1, (0, 1, 4, 5, 10, 13, 27): 0.9952380952380953, (1, 4, 9, 12, 14, 22, 25): 1.0238095238095237, (1, 3, 7, 8, 22, 25, 28): 0.8666666666666666, (8, 16, 20, 21, 26, 27, 28): 0.9619047619047618, (0, 5, 12, 16, 18, 20, 29): 0.7952380952380953}
Execution Time: 734.5978 seconds
API Calls: 1275
Entropy (dep) over time: (0, None)

Algorithm 8: Naive
-----------------
Candidates Set: {(11, 19, 21, 23, 24, 25, 26): (1.349, 1.395)}
Execution Time: 239.6737 seconds
API Calls: 408
Entropy (dep) over time: []

Algorithm 9: Max_Prob
--------------------
Candidates Set: {(11, 19, 21, 23, 24, 25, 26): (1.382, 1.381)}
Execution Time: 963.2805 seconds
API Calls: 188
Entropy (dep) over time: [0.012, 0.031, 0.0, 0.0, 0.005, 0.002, 0.001, 0.001, 0.0, 0.0, 0.0, 0.0, 0.0, 0.0, 0.0, 0.0, 0.0, 0.0, 0.0, 0.0, 0.0, 0.0, 0.0, 0.0, 0.0, 0.0, 0.0, 0.0, 0.0, 0.0, 0.0, 0.0, 0.0, 0.0, 0.0, 0.0, 0.0, 0.0, 0.0, 0.0, 0.0, 0.0, 0.0, 0.0, 0.0, 0.0, 0.0, 0.0, 0.0, 0.0, 0.0, 0.0, 0.0, 0.0, 0.0, 0.0, 0.0, 0.0, 0.0, 0.0, 0.0, 0.0, 0.0, 0.0, 0.0, 0.0, 0.0, 0.0, 0.0, 0.0, 0.0, 0.0, 0.0, 0.0, 0.0, 0.0, 0.0, 0.0, 0.0, 0.0, 0.0, 0.0, 0.0, 0.0, 0.0, 0.0, 0.0, 0.0, 0.0, 0.0, 0.0, 0.0, 0.0, 0.0, 0.0, 0.0, 0.0, 0.0, 0.0, 0.0, 0.0, 0.0, 0.0, 0.0, 0.0, 0.0, 0.0, 0.0, 0.0, 0.0, 0.0, 0.0, 0.0, 0.0, 0.0, 0.0, 0.0, 0.0, 0.0, 0.0, 0.0, 0.0, 0.0, 0.0, 0.0, 0.0, 0.0, 0.0, 0.0, 0.001, 0.003, 0.004, 0.003, 0.0, 0.0, 0.0, 0.0, 0.0, 0]

