Experiment Results
==================

Algorithm 1: Naive
-----------------
Candidates Set: {(23, 30): (1.65, 1.65)}
Execution Time: 667.6276 seconds
API Calls: 1122
Entropy (dep) over time: []

Algorithm 2: Max_Prob
--------------------
Candidates Set: {(23, 30): (1.65, 1.65)}
Execution Time: 578.7644 seconds
API Calls: 1004
Entropy (dep) over time: [0.0, 0.0, 0.0, 0.2252, 0]

Algorithm 3: Naive
-----------------
Candidates Set: {(6, 14, 20, 31): (1.267, 1.265)}
Execution Time: 1025.1430 seconds
API Calls: 1782
Entropy (dep) over time: []

Algorithm 4: Max_Prob
--------------------
Candidates Set: {(6, 14, 20, 31): (1.267, 1.265)}
Execution Time: 638.3822 seconds
API Calls: 1107
Entropy (dep) over time: [0.0, 0.0, 0.0001, 0.0001, 0.0, 0.0, 0.0003, 0.0003, 0.0004, 0.0019, 0.0008, 0.0025, 0.0006, 0.0006, 0.0005, 0.0005, 0.0006, 0.0008, 0.001, 0.0011, 0.001, 0.0012, 0.0012, 0.0014, 0.0014, 0.0014, 0.0026, 0.0029, 0.0027, 0.003, 0.0031, 0.0029, 0.003, 0.0032, 0.0032, 0.0032, 0.0035, 0.0025, 0.0, 0.0, 0.0, 0.0, 0.0, 0.0, 0.0, 0.0, 0.0, 0.0, 0.0, 0.0, 0.0, 0.0, 0.0, 0.0, 0.0, 0.0, 0.0, 0.0, 0.0, 0.0, 0.0, 0.0, 0.0001, 0.0001, 0.0006, 0.0001, 0.0002, 0.0003, 0.0003, 0.0003, 0.0004, 0.0004, 0.0007, 0.0008, 0.0008, 0.0014, 0.0014, 0.0025, 0.0046, 0.0054, 0.0058, 0.0104, 0.0187, 0.0187, 0.0329, 0.033, 0.0573, 0.0673, 0.1139, 0.1876, 0.1922, 0.2963, 0.4406, 0.5834, 0.5883, 0.579, 0.5802, 0.5264, 0.5066, 0.5018, 0.5249, 0.4283, 0.3782, 0.3643, 0.3345, 0.3315, 0.1714, 0]

Algorithm 5: Naive
-----------------
Candidates Set: {(24, 25, 27, 30, 44, 48): (1.178, 1.176)}
Execution Time: 1161.4613 seconds
API Calls: 2019
Entropy (dep) over time: []

Algorithm 6: Max_Prob
--------------------
Candidates Set: {(24, 25, 27, 30, 44, 48): (1.178, 1.176)}
Execution Time: 755.3969 seconds
API Calls: 1311
Entropy (dep) over time: [0.0, 0.0, 0.0, 0.0, 0.0, 0.0, 0.0, 0.0, 0.0, 0.0, 0.0, 0.0, 0.0, 0.0, 0.0, 0.0, 0.0, 0.0, 0.0, 0.0, 0.0, 0.0, 0.0, 0.0, 0.0, 0.0, 0.0, 0.0, 0.0, 0.0, 0.0, 0.0, 0.0, 0.0, 0.0, 0.0, 0.0, 0.0, 0.0, 0.0, 0.0, 0.0, 0.0, 0.0, 0.0, 0.0, 0.0, 0.0, 0.0, 0.0, 0.0, 0.0, 0.0, 0.0, 0.0, 0.0, 0.0, 0.0, 0.0, 0.0, 0.0, 0.0, 0.0, 0.0, 0.0, 0.0, 0.0, 0.0, 0.0, 0.0, 0.0, 0.0, 0.0, 0.0, 0.0, 0.0, 0.0, 0.0, 0.0, 0.0, 0.0, 0.0, 0.0, 0.0, 0.0, 0.0, 0.0, 0.0, 0.0, 0.0, 0.0, 0.0, 0.0, 0.0, 0.0, 0.0, 0.0, 0.0, 0.0, 0.0, 0.0, 0.0, 0.0, 0.0, 0.0, 0.0, 0.0, 0.0, 0.0, 0.0, 0.0, 0.0, 0.0, 0.0, 0.0, 0.0, 0.0001, 0.0001, 0.0001, 0.0001, 0.0001, 0.0001, 0.0001, 0.0001, 0.0001, 0.0001, 0.0001, 0.0001, 0.0001, 0.0001, 0.0001, 0.0001, 0.0001, 0.0001, 0.0001, 0.0002, 0.0, 0.0, 0.0, 0.0, 0.0, 0.0, 0.0, 0.0, 0.0, 0.0, 0.0, 0.0, 0.0, 0.0, 0.0, 0.0, 0.0, 0.0, 0.0, 0.0, 0.0, 0.0, 0.0, 0.0, 0.0, 0.0, 0.0, 0.0, 0.0, 0.0, 0.0, 0.0, 0.0, 0.0, 0.0, 0.0, 0.0, 0.0, 0.0, 0.0, 0.0, 0.0, 0.0, 0.0, 0.0001, 0.0001, 0.0001, 0.0001, 0.0002, 0.0002, 0.0001, 0.0001, 0.0002, 0.0002, 0.001, 0.001, 0.001, 0.0011, 0.0012, 0.0011, 0.0011, 0.0012, 0.0011, 0.0019, 0.0019, 0.0019, 0.0019, 0.0019, 0.0019, 0.0019, 0.002, 0.002, 0.0021, 0.0021, 0.0021, 0.0027, 0.0027, 0.0027, 0.0029, 0.0029, 0.0029, 0.0029, 0.0052, 0.0052, 0.0054, 0.0054, 0.0056, 0.0057, 0.006, 0.006, 0.0061, 0.011, 0.0117, 0.0117, 0.0117, 0.0117, 0.0209, 0.0209, 0.0209, 0.021, 0.0231, 0.0232, 0.0231, 0.0234, 0.0231, 0.025, 0.025, 0.0254, 0.0269, 0.0266, 0.028, 0.0305, 0.0448, 0.0455, 0.0495, 0.0505, 0.0505, 0.0505, 0.0505, 0.0505, 0.0868, 0.1453, 0.1454, 0.1454, 0.2342, 0.2314, 0.228, 0.2386, 0.253, 0.2682, 0.2682, 0.2682, 0.2882, 0.2882, 0.4199, 0.4163, 0.4327, 0.4327, 0.531, 0.5324, 0.5323, 0.533, 0.5326, 0.5314, 0.5303, 0.5261, 0.5133, 0.5075, 0.5057, 0.4994, 0.4925, 0.4874, 0.4712, 0.4653, 0.4537, 0.4406, 0.4064, 0.4034, 0.4027, 0.3482, 0.3509, 0.3034, 0.2994, 0.2174, 0.2157, 0.1804, 0.1695, 0.1673, 0.1648, 0.135, 0.1134, 0.0903, 0.0733, 0.0533, 0.0384, 0]

Algorithm 7: Naive
-----------------
Candidates Set: {(5, 10, 27, 29, 34, 37, 45, 48): (1.128, 1.162)}
Execution Time: 1210.3775 seconds
API Calls: 2104
Entropy (dep) over time: []

Algorithm 8: Max_Prob
--------------------
Candidates Set: {(5, 10, 27, 29, 34, 37, 45, 48): (1.142, 1.141)}
Execution Time: 878.2228 seconds
API Calls: 1522
Entropy (dep) over time: [0.0, 0.0, 0.0, 0.0, 0.0, 0.0, 0.0, 0.0, 0.0, 0.0, 0.0, 0.0, 0.0, 0.0, 0.0, 0.0, 0.0, 0.0, 0.0, 0.0, 0.0, 0.0, 0.0, 0.0, 0.0, 0.0, 0.0, 0.0, 0.0, 0.0, 0.0, 0.0, 0.0, 0.0, 0.0, 0.0, 0.0, 0.0, 0.0, 0.0, 0.0, 0.0, 0.0, 0.0, 0.0, 0.0, 0.0, 0.0, 0.0, 0.0, 0.0, 0.0, 0.0, 0.0, 0.0, 0.0, 0.0, 0.0, 0.0, 0.0, 0.0, 0.0, 0.0, 0.0, 0.0, 0.0, 0.0, 0.0, 0.0, 0.0, 0.0, 0.0, 0.0, 0.0, 0.0, 0.0, 0.0, 0.0, 0.0, 0.0, 0.0, 0.0, 0.0, 0.0, 0.0, 0.0, 0.0, 0.0, 0.0, 0.0, 0.0, 0.0, 0.0, 0.0, 0.0, 0.0, 0.0, 0.0, 0.0, 0.0, 0.0, 0.0, 0.0, 0.0, 0.0, 0.0, 0.0, 0.0, 0.0, 0.0, 0.0, 0.0, 0.0, 0.0, 0.0, 0.0, 0.0, 0.0, 0.0, 0.0, 0.0, 0.0, 0.0, 0.0, 0.0, 0.0, 0.0, 0.0, 0.0, 0.0, 0.0001, 0.0001, 0.0001, 0.0001, 0.0001, 0.0001, 0.0001, 0.0001, 0.0001, 0.0001, 0.0001, 0.0001, 0.0001, 0.0001, 0.0001, 0.0001, 0.0001, 0.0001, 0.0001, 0.0001, 0.0001, 0.0001, 0.0001, 0.0001, 0.0001, 0.0001, 0.0001, 0.0001, 0.0001, 0.0001, 0.0001, 0.0001, 0.0001, 0.0001, 0.0001, 0.0001, 0.0002, 0.0002, 0.0002, 0.0002, 0.0002, 0.0002, 0.0002, 0.0002, 0.0002, 0.0002, 0.0002, 0.0002, 0.0002, 0.0002, 0.0002, 0.0002, 0.0002, 0.0002, 0.0002, 0.0002, 0.0002, 0.0002, 0.0002, 0.0003, 0.0003, 0.0003, 0.0003, 0.0003, 0.0003, 0.0003, 0.0003, 0.0003, 0.0003, 0.0003, 0.0003, 0.0003, 0.0003, 0.0003, 0.0003, 0.0003, 0.0003, 0.0003, 0.0003, 0.0003, 0.0003, 0.0004, 0.0003, 0.0004, 0.0004, 0.0004, 0.0004, 0.0005, 0.0005, 0.0005, 0.0006, 0.0005, 0.0005, 0.0005, 0.0005, 0.0005, 0.0005, 0.0005, 0.0005, 0.0005, 0.0005, 0.0005, 0.0005, 0.0006, 0.0006, 0.0006, 0.0006, 0.0006, 0.0007, 0.0007, 0.0008, 0.0009, 0.0009, 0.0009, 0.0009, 0.001, 0.0011, 0.001, 0.0011, 0.0011, 0.0011, 0.0011, 0.0011, 0.0012, 0.0012, 0.0012, 0.0012, 0.0012, 0.0013, 0.0014, 0.0015, 0.0015, 0.0012, 0.0015, 0.0016, 0.0017, 0.0018, 0.0019, 0.0019, 0.0019, 0.002, 0.0021, 0.0021, 0.002, 0.0021, 0.0022, 0.002, 0.0026, 0.0018, 0.0, 0.0, 0.0, 0.0, 0.0, 0.0, 0.0, 0.0, 0.0, 0.0, 0.0, 0.0, 0.0, 0.0, 0.0, 0.0, 0.0, 0.0, 0.0, 0.0, 0.0, 0.0, 0.0, 0.0, 0.0, 0.0, 0.0, 0.0, 0.0, 0.0, 0.0, 0.0, 0.0, 0.0, 0.0, 0.0, 0.0, 0.0, 0.0, 0.0, 0.0, 0.0, 0.0, 0.0, 0.0, 0.0, 0.0, 0.0, 0.0, 0.0, 0.0, 0.0, 0.0, 0.0, 0.0, 0.0, 0.0, 0.0, 0.0, 0.0, 0.0, 0.0, 0.0, 0.0, 0.0, 0.0, 0.0, 0.0, 0.0, 0.0, 0.0, 0.0, 0.0, 0.0, 0.0, 0.0, 0.0, 0.0, 0.0, 0.0, 0.0, 0.0, 0.0, 0.0, 0.0, 0.0, 0.0, 0.0001, 0.0001, 0.0001, 0.0001, 0.0001, 0.0001, 0.0001, 0.0001, 0.0001, 0.0001, 0.0001, 0.0001, 0.0001, 0.0001, 0.0001, 0.0001, 0.0001, 0.0001, 0.0001, 0.0001, 0.0001, 0.0001, 0.0001, 0.0001, 0.0001, 0.0001, 0.0002, 0.0002, 0.0002, 0.0002, 0.0002, 0.0002, 0.0002, 0.0003, 0.0003, 0.0003, 0.0003, 0.0003, 0.0003, 0.0005, 0.0005, 0.0005, 0.0005, 0.0005, 0.0005, 0.0005, 0.0005, 0.0005, 0.0005, 0.0009, 0.0009, 0.0016, 0.0016, 0.0016, 0.0016, 0.0016, 0.0016, 0.0016, 0.0016, 0.0016, 0.0016, 0.0016, 0.0016, 0.0016, 0.0016, 0.0016, 0.0016, 0.0016, 0.0015, 0.0016, 0.0015, 0.0016, 0.0016, 0.0016, 0.0015, 0.0015, 0.0015, 0.0015, 0.0027, 0.0027, 0.0027, 0.0027, 0.0027, 0.0027, 0.0028, 0.0027, 0.0027, 0.0027, 0.0047, 0.0083, 0.0083, 0.0083, 0.0083, 0.0145, 0.0255, 0.0255, 0.0255, 0.0256, 0.0255, 0.0255, 0.0254, 0.0254, 0.0253, 0.0254, 0.0253, 0.0253, 0.0253, 0.0252, 0.0252, 0.0257, 0.0257, 0.026, 0.0259, 0.0262, 0.0261, 0.0451, 0.0449, 0.0449, 0.0449, 0.045, 0.0448, 0.0448, 0.0446, 0.0444, 0.0442, 0.0443, 0.0441, 0.044, 0.044, 0.0439, 0.044, 0.0437, 0.0436, 0.0451, 0.0763, 0.0763, 0.1269, 0.2067, 0.2067, 0.326, 0.4914, 0.6902, 0.6876, 0.8479, 0.6699, 0.6903, 0.6323, 0.5796, 0.5062, 0.5946, 0.6311, 0.5897, 0.4702, 0.3372, 0.2812, 0.2099, 0]

Algorithm 9: Naive
-----------------
Candidates Set: {(3, 5, 15, 16, 19, 29, 34, 35, 36, 49): (1.131, 1.155)}
Execution Time: 1186.2881 seconds
API Calls: 2062
Entropy (dep) over time: []

Algorithm 10: Max_Prob
--------------------
Candidates Set: {(3, 5, 15, 16, 19, 29, 34, 35, 36, 49): (1.151, 1.153)}
Execution Time: 964.7221 seconds
API Calls: 1674
Entropy (dep) over time: [0.0, 0.0, 0.0, 0.0, 0.0, 0.0, 0.0, 0.0, 0.0, 0.0, 0.0, 0.0, 0.0, 0.0, 0.0, 0.0, 0.0, 0.0, 0.0, 0.0, 0.0, 0.0, 0.0, 0.0, 0.0, 0.0, 0.0, 0.0, 0.0, 0.0, 0.0, 0.0, 0.0, 0.0, 0.0, 0.0, 0.0, 0.0, 0.0, 0.0, 0.0, 0.0, 0.0, 0.0, 0.0, 0.0, 0.0, 0.0, 0.0, 0.0, 0.0, 0.0, 0.0, 0.0, 0.0, 0.0, 0.0, 0.0, 0.0, 0.0, 0.0, 0.0, 0.0, 0.0, 0.0, 0.0, 0.0, 0.0, 0.0, 0.0, 0.0, 0.0, 0.0, 0.0, 0.0, 0.0, 0.0, 0.0, 0.0, 0.0, 0.0, 0.0, 0.0, 0.0, 0.0, 0.0, 0.0, 0.0, 0.0, 0.0, 0.0, 0.0, 0.0, 0.0, 0.0, 0.0, 0.0, 0.0, 0.0, 0.0, 0.0, 0.0, 0.0, 0.0, 0.0, 0.0, 0.0, 0.0, 0.0, 0.0, 0.0, 0.0, 0.0, 0.0, 0.0, 0.0, 0.0, 0.0, 0.0, 0.0, 0.0, 0.0, 0.0, 0.0, 0.0, 0.0, 0.0, 0.0, 0.0, 0.0, 0.0, 0.0, 0.0, 0.0, 0.0, 0.0, 0.0, 0.0, 0.0, 0.0, 0.0, 0.0, 0.0, 0.0, 0.0, 0.0, 0.0, 0.0, 0.0, 0.0, 0.0, 0.0, 0.0, 0.0, 0.0, 0.0, 0.0, 0.0, 0.0, 0.0, 0.0, 0.0, 0.0, 0.0, 0.0, 0.0, 0.0, 0.0, 0.0, 0.0, 0.0, 0.0, 0.0, 0.0, 0.0, 0.0, 0.0, 0.0, 0.0, 0.0, 0.0, 0.0, 0.0, 0.0, 0.0, 0.0, 0.0, 0.0, 0.0, 0.0, 0.0, 0.0, 0.0, 0.0, 0.0, 0.0, 0.0, 0.0, 0.0, 0.0, 0.0, 0.0, 0.0, 0.0, 0.0, 0.0, 0.0, 0.0, 0.0, 0.0, 0.0, 0.0, 0.0, 0.0, 0.0, 0.0, 0.0, 0.0, 0.0, 0.0, 0.0, 0.0, 0.0, 0.0, 0.0, 0.0, 0.0, 0.0, 0.0, 0.0, 0.0, 0.0, 0.0, 0.0, 0.0, 0.0, 0.0, 0.0, 0.0, 0.0, 0.0, 0.0, 0.0, 0.0, 0.0, 0.0, 0.0, 0.0, 0.0, 0.0, 0.0, 0.0, 0.0, 0.0, 0.0, 0.0, 0.0, 0.0, 0.0, 0.0, 0.0, 0.0, 0.0, 0.0, 0.0, 0.0, 0.0, 0.0, 0.0, 0.0, 0.0, 0.0, 0.0, 0.0, 0.0, 0.0, 0.0, 0.0, 0.0, 0.0, 0.0, 0.0, 0.0, 0.0, 0.0, 0.0, 0.0, 0.0, 0.0, 0.0, 0.0, 0.0, 0.0, 0.0, 0.0, 0.0, 0.0, 0.0, 0.0, 0.0, 0.0, 0.0, 0.0, 0.0, 0.0, 0.0, 0.0, 0.0, 0.0, 0.0, 0.0, 0.0, 0.0, 0.0, 0.0, 0.0, 0.0, 0.0, 0.0, 0.0, 0.0, 0.0, 0.0, 0.0, 0.0, 0.0, 0.0, 0.0, 0.0, 0.0, 0.0, 0.0, 0.0, 0.0, 0.0, 0.0, 0.0, 0.0, 0.0, 0.0, 0.0, 0.0, 0.0, 0.0, 0.0, 0.0, 0.0, 0.0, 0.0, 0.0, 0.0, 0.0, 0.0, 0.0, 0.0, 0.0, 0.0, 0.0, 0.0, 0.0, 0.0, 0.0, 0.0, 0.0, 0.0, 0.0, 0.0, 0.0, 0.0, 0.0, 0.0, 0.0, 0.0, 0.0, 0.0, 0.0, 0.0, 0.0, 0.0, 0.0, 0.0, 0.0, 0.0, 0.0, 0.0, 0.0, 0.0, 0.0, 0.0, 0.0, 0.0, 0.0, 0.0, 0.0, 0.0, 0.0, 0.0, 0.0, 0.0, 0.0, 0.0, 0.0, 0.0, 0.0, 0.0, 0.0, 0.0, 0.0, 0.0, 0.0, 0.0, 0.0, 0.0, 0.0, 0.0, 0.0, 0.0, 0.0, 0.0, 0.0, 0.0, 0.0, 0.0, 0.0, 0.0, 0.0, 0.0, 0.0, 0.0, 0.0, 0.0, 0.0, 0.0, 0.0, 0.0, 0.0, 0.0, 0.0, 0.0, 0.0, 0.0, 0.0, 0.0, 0.0, 0.0, 0.0, 0.0, 0.0, 0.0, 0.0, 0.0, 0.0, 0.0, 0.0, 0.0, 0.0, 0.0, 0.0, 0.0, 0.0, 0.0001, 0.0001, 0.0001, 0.0001, 0.0001, 0.0001, 0.0001, 0.0001, 0.0001, 0.0001, 0.0001, 0.0001, 0.0001, 0.0001, 0.0001, 0.0001, 0.0001, 0.0001, 0.0001, 0.0001, 0.0001, 0.0001, 0.0001, 0.0001, 0.0001, 0.0001, 0.0001, 0.0001, 0.0001, 0.0001, 0.0003, 0.0003, 0.0003, 0.0003, 0.0003, 0.0003, 0.0003, 0.0003, 0.0003, 0.0003, 0.0003, 0.0003, 0.0003, 0.0003, 0.0003, 0.0003, 0.0003, 0.0003, 0.0003, 0.0003, 0.0003, 0.0003, 0.0003, 0.0003, 0.0003, 0.0003, 0.0003, 0.0005, 0.0005, 0.0005, 0.0005, 0.0005, 0.0005, 0.0005, 0.0005, 0.0005, 0.0005, 0.0005, 0.0005, 0.0005, 0.0005, 0.0005, 0.0008, 0.0008, 0.0008, 0.0015, 0.0015, 0.0015, 0.0015, 0.0015, 0.0024, 0.0042, 0.0074, 0.0074, 0.0074, 0.0074, 0.0074, 0.0074, 0.0074, 0.0074, 0.0073, 0.0073, 0.0073, 0.0073, 0.0073, 0.0073, 0.0074, 0.0073, 0.0073, 0.0073, 0.0074, 0.0074, 0.0075, 0.0075, 0.0074, 0.0074, 0.0073, 0.0073, 0.0073, 0.0073, 0.0127, 0.0127, 0.0127, 0.0126, 0.0127, 0.0126, 0.0126, 0.0126, 0.0126, 0.0126, 0.0126, 0.0126, 0.0126, 0.0126, 0.0125, 0.022, 0.022, 0.022, 0.022, 0.022, 0.022, 0.022, 0.022, 0.022, 0.022, 0.0219, 0.0219, 0.022, 0.022, 0.022, 0.0219, 0.0219, 0.0219, 0.0219, 0.0219, 0.0219, 0.0219, 0.0219, 0.0219, 0.0218, 0.0218, 0.0218, 0.0218, 0.0219, 0.0219, 0.0218, 0.0218, 0.0218, 0.0218, 0.0218, 0.0218, 0.0217, 0.0217, 0.0216, 0.0374, 0.0375, 0.0375, 0.0375, 0.0373, 0.0373, 0.0372, 0.0371, 0.0371, 0.0371, 0.037, 0.037, 0.037, 0.0369, 0.0369, 0.0369, 0.0373, 0.0376, 0.0375, 0.0374, 0.0372, 0.037, 0.0368, 0.0368, 0.0368, 0.0367, 0.0366, 0.0367, 0.0632, 0.0631, 0.063, 0.1052, 0.1047, 0.1044, 0.1044, 0.104, 0.1698, 0.1696, 0.1799, 0.1794, 0.1787, 0.1787, 0.2843, 0.4377, 0.643, 0.8824, 1.0688, 0.9663, 0.7198, 0.2506, 0]

